4 3467
22 7418
42 2022
53 8640
65 5849
86 9247
92 5634
127 7464
133 4324
140 3882
146 1825
177 4929
191 3434
222 6959
236 9531
270 1354
291 8526
295 3187
299 9075
343 2424
356 9114
398 2468
399 434
447 8525
447 9827
466 2337
508 1622
515 6606
553 5308
557 9962
579 4044
593 9551
615 5065
635 426
640 241
672 8054
688 6775
726 1411
748 3608
753 5693
762 1533
776 564
776 2853
776 8752
822 4427
887 2331
898 2743
963 7991
969 4334
1005 7340
1008 284
1059 6782
1096 7252
1103 7128
1125 3878
1141 2602
1151 4888
1152 6119
1164 5864
1215 9152
1269 7557
1287 9493
1324 2872
1339 7586
1421 322
1456 992
1460 8305
1476 1864
1478 6169
1487 8030
1487 9941
1490 5474
1515 8123
1519 2648
1522 3447
1559 9383
1563 5373
1578 8302
1585 2898
1596 342
1615 4171
1617 2568
1628 1902
1646 2154
1666 922
1690 833
1773 4406
1811 1800
1819 8922
1854 8819
1866 5784
1866 9376
1883 9405
1895 6734
1935 9770
1943 1
1972 9061
1985 191
1986 2403
1987 8528
2032 1893
2073 5856
2086 4162
2094 5730
2097 5864
2140 4294
2158 5140
2174 8055
2178 1843
2184 9552
2189 9171
2198 9742
2202 484
2218 8377
2240 3823
2255 1055
2275 1840
2281 200
2294 3045
2320 4966
2324 7507
2337 4031
2342 954
2342 8016
2379 367
2431 3118
2437 822
2463 4716
2468 9421
2543 427
2543 3302
2558 6047
2586 8587
2609 4097
2635 6550
2639 5996
2651 5942
2653 1228
2674 7711
2677 401
2684 6735
2685 7337
2714 5315
2725 2279
2792 7497
2806 6246
2851 9347
2852 3668
2860 9260
2872 8638
2883 6186
2901 995
2923 314
2930 2479
2937 5129
2972 8838
3006 5468
3017 9078
3020 2574
3032 6957
3046 5467
3057 312
3087 7043
3101 8907
3111 8265
3189 9114
3212 159
3219 3678
3223 5208
3231 4408
3269 8667
3291 4693
3296 3288
3299 8464
3345 4730
3358 1823
3368 2069
3377 233
3389 7785
3397 6466
3410 637
3429 7484
3452 1401
3462 9562
3464 2486
3468 6921
3474 768
3482 4362
3487 3120
3509 4495
3509 9103
3569 3179
3575 6048
3614 9826
3619 7193
3620 12
3621 1380
3629 2777
3631 3410
3631 7899
3640 6688
3642 2038
3649 4819
3650 9891
3667 9641
3699 322
3715 4718
3743 7627
3753 5884
3786 5370
3926 4064
3946 1086
3946 4388
4004 8895
4021 4798
4028 6240
4039 5913
4048 4815
4063 7089
4073 2402
4082 3773
4143 3719
4167 390
4175 6122
4239 7082
4241 2397
4261 5892
4266 1745
4270 2640
4340 2352
4341 1218
4372 3511
4395 3836
4454 1796
4464 2081
4491 458
4537 9902
4544 2188
4544 8541
4577 6609
4581 7557
4598 7266
4625 54
4639 8611
4642 4097
4643 6106
4645 5595
4691 2435
4697 5243
4709 5957
4717 7972
4742 520
4744 9904
4777 9204
4797 2018
4799 4568
4801 6738
4808 4443
4819 9325
4824 3316
4835 7137
4876 110
4900 9954
4929 9262
4943 161
4943 5244
4949 380
4954 996
4955 2621
4989 2358
4989 5465
4996 6577
5050 4083
5137 1926
5185 282
5195 65
5215 5476
5223 3543
5227 4239
5234 8246
5268 6262
5300 3856
5338 2913
5382 5646
5425 6237
5426 3438
5436 7212
5486 5709
5495 3021
5543 0
5552 5495
5577 2242
5579 351
5579 6105
5607 785
5675 2364
5682 1915
5724 3656
5724 3702
5741 3391
5803 8802
5811 2069
5813 5467
5846 8584
5859 3289
5892 7232
5934 770
5997 8430
6042 6700
6086 622
6102 7101
6104 8006
6132 4321
6135 7627
6169 7875
6203 492
6214 7656
6240 3882
6259 149
6262 1157
6288 4532
6295 7801
6299 1342
6355 5922
6370 8484
6414 9602
6424 7403
6427 9933
6438 7258
6440 821
6444 7240
6473 434
6478 8615
6522 322
6524 622
6570 1633
6595 5952
6624 5892
6643 405
6673 4437
6682 7237
6688 2534
6705 3002
6761 9255
6765 4709
6793 7118
6829 9280
6870 7762
6915 7385
6918 4332
6930 311
6982 8634
7002 336
7037 9383
7039 8845
7051 5393
7053 7792
7085 3586
7085 8400
7094 7496
7094 9953
7131 5191
7174 5919
7244 379
7252 8113
7304 6864
7311 1103
7330 9253
7338 5650
7452 3020
7477 7234
7497 6102
7529 5422
7533 7138
7570 4016
7587 3938
7612 5364
7617 8217
7636 5345
7654 4602
7659 6745
7674 7016
7676 480
7681 3100
7686 893
7689 6020
7726 9386
7729 7800
7739 2002
7748 4341
7798 2842
7821 11
7825 8552
7836 1958
7836 2376
7847 6320
7874 1854
7874 5445
7881 208
7886 4170
7891 3601
7892 8413
7900 6458
7908 9531
7923 1805
7926 3232
7960 6227
8020 5184
8025 7244
8040 7991
8044 8214
8045 2359
8049 8744
8117 4605
8119 1660
8122 9025
8136 811
8176 9830
8203 6790
8236 4065
8279 8255
8311 4368
8371 8237
8377 4872
8378 4266
8383 8108
8387 4951
8401 1794
8414 2160
8425 2444
8427 7390
8435 8217
8451 8583
8475 602
8530 5236
8626 4663
8630 6036
8653 8614
8674 7892
8689 5464
8710 2469
8734 3765
8763 7019
8805 4770
8811 219
8824 8435
8840 8183
8853 4488
8869 3401
8876 8972
8888 926
8889 6106
8900 6204
8915 6553
8944 1051
8947 949
8968 6416
9032 1874
9050 8168
9095 8380
9122 9204
9166 768
9211 4825
9226 7298
9278 4899
9319 1359
9348 8371
9353 4568
9370 1805
9395 8207
9471 4557
9486 8028
9495 7448
9499 3031
9532 1113
9533 4565
9549 1407
9551 5388
9580 4175
9589 2644
9601 3691
9601 5915
9619 7682
9627 1418
9641 5677
9682 5067
9715 1670
9733 8711
9794 8376
9800 5062
9815 9071
9851 8193
9855 2588
9874 8317
9875 8941
9909 150
9918 4368
9942 2714
9943 5169
9953 3631
