6 7951
26 1819
36 2677
58 4076
67 7604
69 1201
79 1686
82 8162
86 7457
97 4717
109 410
143 833
170 537
175 1014
175 3987
176 8559
182 6836
211 2254
212 9703
272 510
273 3045
274 4723
301 3286
337 4290
343 2394
368 8975
374 7920
377 5145
469 6319
469 9786
499 5209
500 8231
518 1193
520 7232
541 5000
569 2997
570 4239
586 1504
597 7712
610 8892
651 7125
680 1792
686 1860
715 81
748 1846
767 1365
776 9692
856 5288
898 5044
935 2806
955 4171
958 8148
959 4228
973 5862
976 7440
995 6694
997 2694
1014 7298
1049 2357
1098 7127
1119 1988
1132 4270
1140 5398
1164 3697
1172 622
1227 1126
1303 4564
1314 586
1326 97
1368 7084
1372 658
1388 2922
1397 2092
1452 8511
1478 7704
1478 9740
1506 415
1512 8854
1515 1407
1577 5308
1585 3638
1587 1878
1622 3722
1633 2994
1633 9462
1649 3909
1673 4529
1690 1178
1698 2484
1741 1196
1756 7546
1777 4988
1787 5246
1829 531
1891 5723
1916 8198
1939 8825
1944 8123
1948 2355
1948 5021
1979 8740
1990 9751
2008 9940
2020 4179
2033 1953
2041 8433
2083 2394
2099 5313
2107 7097
2144 5293
2145 3377
2154 1707
2159 2203
2161 291
2164 2761
2169 9639
2207 7929
2225 1463
2236 7486
2237 1626
2281 49
2325 6678
2350 6994
2390 4529
2464 1445
2494 3772
2503 405
2510 3179
2518 645
2535 5106
2539 4074
2577 9031
2584 6569
2609 5957
2627 578
2630 7802
2639 6785
2641 5088
2662 3072
2685 6263
2699 4680
2727 2156
2745 6419
2796 201
2802 5600
2838 828
2849 5283
2853 9403
2866 7935
2872 4385
2905 7161
2936 1235
3000 9334
3007 1509
3008 6284
3028 7350
3040 1516
3072 3832
3098 969
3136 4678
3152 9713
3166 7101
3184 6616
3224 7624
3231 3601
3231 7715
3239 3287
3239 4331
3299 2055
3319 8364
3339 8828
3393 6654
3421 7730
3421 8752
3430 1666
3469 2453
3505 4094
3523 531
3625 8304
3631 7154
3634 159
3640 6860
3645 6748
3648 5750
3653 4983
3679 3746
3687 7712
3698 6924
3732 7180
3754 771
3773 9052
3811 3498
3827 3550
3827 5067
3867 8431
3877 5647
3883 5543
3883 6453
3923 2901
3932 9359
3956 3666
3971 3601
3975 9180
4022 6196
4028 9164
4034 5405
4041 3377
4046 6
4143 4702
4148 2725
4169 6387
4176 2156
4179 3359
4182 259
4225 2239
4230 3474
4249 2834
4304 2062
4311 3575
4414 3206
4437 9265
4454 7825
4455 1741
4459 8085
4488 9624
4492 2632
4495 6060
4517 6412
4530 8876
4548 4229
4560 2788
4605 2038
4655 8654
4678 8281
4688 8624
4700 4564
4733 2290
4740 2189
4790 3786
4801 1255
4803 9462
4821 4945
4827 949
4831 1663
4876 8201
4910 6717
4926 4149
4943 2632
4945 8588
4948 9940
4956 2571
4969 9000
4994 3057
5000 2893
5020 6453
5047 2601
5053 6899
5054 7533
5071 7344
5129 9287
5139 8390
5146 7418
5172 7403
5188 3591
5190 2637
5204 7472
5207 4336
5235 2430
5278 3830
5284 7889
5300 175
5306 3656
5386 9312
5437 1457
5445 6145
5467 9969
5510 1121
5533 1556
5551 7336
5570 6061
5587 3281
5646 787
5654 5064
5675 3895
5675 8514
5686 3881
5691 7169
5738 8789
5742 4587
5750 9023
5769 1430
5775 4489
5781 6044
5792 3973
5816 3029
5818 5357
5845 326
5855 1038
5864 9847
5875 8848
5915 2534
5918 667
5927 7154
5958 3583
6004 2020
6011 3589
6023 6286
6031 5432
6048 8565
6059 367
6098 1127
6125 6248
6196 1066
6202 6302
6204 927
6204 7435
6262 4041
6302 6124
6306 7313
6346 5196
6364 1572
6473 3046
6492 224
6503 3415
6529 7761
6554 5898
6559 2463
6569 6025
6574 842
6587 8120
6645 8707
6652 4189
6654 8417
6681 2977
6690 8214
6706 5175
6733 1098
6744 6126
6826 4408
6829 5893
6874 9676
6887 4275
6927 272
6975 3883
6982 517
6995 9692
7023 8261
7035 1581
7044 5777
7071 2779
7080 9556
7084 8574
7090 8956
7103 1541
7110 7662
7114 1838
7127 2031
7169 4060
7175 3985
7212 7765
7249 9293
7253 3449
7342 8489
7358 4283
7425 7635
7425 8183
7466 8205
7487 9884
7497 470
7497 4697
7499 4022
7535 2043
7557 9864
7564 3292
7612 11
7622 5408
7629 1472
7657 5235
7701 7388
7717 4530
7720 4813
7783 4088
7792 4962
7792 5270
7821 5036
7840 8583
7887 3896
7929 3335
7939 7120
7982 5306
8045 5362
8047 6381
8060 5127
8079 5043
8092 311
8113 4983
8133 7858
8201 985
8211 7933
8235 3090
8250 8936
8272 7494
8279 4127
8285 1139
8290 8309
8334 904
8351 604
8364 3778
8410 7622
8472 7477
8538 505
8541 9416
8549 414
8561 339
8566 7240
8637 7681
8666 5552
8692 1448
8696 7071
8699 6229
8727 5571
8727 8494
8746 2931
8747 6338
8749 167
8758 150
8786 7130
8828 7869
8841 2962
8857 8250
8861 7418
8882 8798
8883 2764
8888 2926
8888 2956
8898 703
8899 6520
8899 9270
8915 7691
8922 2832
8962 5003
8963 1390
8966 3961
8990 4329
8995 7039
9007 6484
9024 8271
9031 1657
9038 4031
9039 5769
9078 518
9140 5118
9152 5269
9161 2069
9161 2876
9161 9370
9167 4368
9224 6715
9257 9249
9263 8295
9293 6656
9319 4509
9346 3300
9370 7137
9373 9756
9388 1936
9388 7823
9395 6228
9400 4375
9408 2289
9409 6091
9414 3416
9418 2111
9451 4550
9476 7635
9515 2921
9520 5727
9523 225
9530 9773
9552 8355
9560 4159
9593 9647
9636 488
9661 5574
9682 6477
9695 8177
9696 7570
9709 8514
9722 7448
9762 6723
9776 4992
9787 2600
9825 1834
9838 570
9844 9042
9908 8524
9914 2772
9955 3269
9964 6719
9978 3838
