12 469
26 9012
44 8866
49 6153
55 7676
64 40
71 2841
98 7145
102 842
146 5892
147 3680
148 2503
175 5469
190 2651
195 132
216 2043
217 8684
235 7984
245 8941
259 7052
262 5458
274 2574
295 3061
355 1914
356 5224
361 3331
363 6008
368 4675
401 9130
403 5320
424 4118
468 7445
500 9321
532 399
532 6075
543 9260
550 9611
579 5281
581 2030
590 2415
593 1727
601 2274
610 4072
652 6979
666 4822
673 3060
675 2599
680 887
681 4135
706 9026
719 3627
782 4465
794 1152
808 1225
820 2459
822 1854
888 2176
923 4291
926 4672
948 7597
974 5132
994 9061
994 9093
1039 7850
1049 2702
1113 3006
1119 293
1122 6105
1172 8944
1194 744
1197 79
1202 7679
1221 5302
1230 381
1237 543
1267 7849
1316 9134
1334 2959
1339 3639
1342 9247
1390 6396
1401 4994
1407 273
1463 714
1478 7483
1512 71
1541 2673
1562 8425
1575 2599
1587 64
1611 7575
1653 3504
1677 1326
1754 1934
1755 7494
1773 3449
1778 1411
1790 307
1804 3317
1838 7827
1848 2017
1868 710
1912 4956
1913 5536
2041 2047
2043 8365
2053 5911
2070 9851
2072 4321
2093 9005
2104 6126
2152 2976
2184 3282
2188 4495
2237 1716
2251 9936
2269 6863
2278 6823
2285 4846
2297 1548
2324 2661
2351 6166
2371 5384
2388 8473
2390 436
2391 8122
2457 6881
2484 5063
2486 4306
2486 7557
2500 5871
2512 5284
2535 274
2538 8953
2567 7852
2574 8083
2586 1554
2588 6847
2622 5046
2624 6255
2642 7344
2654 3516
2658 4435
2667 1427
2680 7010
2697 4925
2742 3339
2743 4489
2772 6345
2807 6198
2825 7633
2836 7857
2842 9711
2906 2981
2929 7834
3008 1699
3029 7790
3097 3240
3100 1795
3174 2742
3203 8548
3218 3228
3238 3471
3243 2403
3325 6897
3326 7785
3331 6826
3344 7256
3345 5273
3398 4492
3402 6529
3440 357
3447 7708
3456 2850
3464 6484
3471 3140
3523 3752
3534 6096
3545 3946
3578 7253
3588 8879
3613 2779
3613 3308
3620 935
3628 5320
3631 2707
3640 5616
3651 2314
3663 1881
3671 6839
3690 2817
3698 2184
3702 583
3719 2494
3719 2718
3738 4405
3753 5495
3765 1422
3814 6883
3830 223
3853 2529
3861 9261
3869 7819
3880 1069
3903 1448
3905 6026
3923 5127
3966 9855
3979 6224
3979 6297
3989 4767
4003 2068
4013 3689
4016 8730
4022 742
4069 655
4069 4372
4069 6129
4074 9530
4081 9082
4097 5673
4098 1196
4107 1815
4118 1617
4151 987
4157 5373
4181 5677
4205 1624
4205 2653
4205 7041
4243 1396
4321 4331
4330 6991
4348 4465
4354 8644
4368 3279
4427 5123
4452 550
4452 8791
4459 7727
4509 448
4524 3267
4527 9589
4529 9902
4539 1862
4552 9607
4568 9651
4585 109
4589 6201
4600 6613
4605 6559
4612 7984
4612 8377
4620 7051
4625 7551
4639 1904
4643 7246
4686 3026
4705 192
4730 3159
4733 3073
4793 6828
4797 4028
4805 3665
4813 8495
4859 9709
4913 2908
4919 9180
4977 1572
4994 915
5018 8562
5031 517
5038 8874
5043 5934
5055 3137
5060 5255
5064 6847
5092 3164
5129 6318
5132 6032
5159 5419
5190 1906
5194 2064
5200 9729
5209 5522
5219 2864
5244 1172
5270 5664
5281 7656
5320 4564
5355 1878
5358 134
5362 2827
5410 5849
5441 4384
5506 8711
5590 6
5595 431
5605 1785
5620 2672
5646 9843
5650 101
5652 5675
5658 6297
5730 8288
5741 2150
5754 5654
5754 6603
5857 5305
5911 7883
5938 12
5948 1160
5960 7717
5980 2648
5988 1254
6008 2890
6023 2766
6032 511
6069 8112
6087 7499
6094 9396
6125 692
6138 9897
6168 466
6188 2877
6228 7979
6232 7388
6239 2960
6274 5742
6274 6989
6310 2310
6318 549
6318 3614
6338 7003
6358 4541
6385 1972
6419 43
6472 7454
6478 8630
6516 3945
6545 2835
6555 5566
6586 6730
6645 3490
6645 8210
6673 8680
6678 2302
6700 2011
6701 357
6714 4012
6717 2220
6720 3040
6738 1795
6832 6075
6836 1487
6864 5470
6890 9088
6898 4702
6943 1231
6946 7972
6991 3827
7032 7866
7126 8407
7129 1646
7174 1165
7182 4527
7185 53
7232 368
7251 9204
7276 1970
7282 7472
7353 1906
7353 3077
7403 1272
7403 9095
7425 7674
7448 5806
7452 4267
7457 8418
7464 3103
7471 4345
7486 5384
7488 9921
7558 2416
7565 6327
7609 3676
7627 8436
7635 4206
7636 67
7647 1016
7682 2656
7714 9375
7717 2878
7725 6730
7730 1354
7740 3868
7748 5448
7755 7229
7763 963
7768 51
7788 9032
7821 3534
7885 5966
7891 9970
7895 1390
7955 9884
7961 5437
7972 6610
7994 8089
8010 6348
8012 3694
8013 2847
8079 6255
8116 7659
8124 4073
8178 1656
8180 3056
8223 8427
8252 5611
8259 2448
8265 3231
8279 3847
8337 2679
8343 5065
8343 9978
8463 7363
8471 182
8556 6004
8564 1342
8574 7514
8594 8734
8721 2696
8784 5511
8792 9828
8806 1796
8818 4863
8848 201
8854 4770
8876 5666
8879 7511
8892 2423
8953 7357
8959 8015
8967 2190
8975 845
8988 8995
9000 5172
9002 3665
9045 5704
9053 7107
9064 1312
9088 2420
9104 8914
9135 6644
9151 3040
9152 9561
9180 2191
9182 2909
9194 2383
9207 396
9207 7353
9209 1507
9229 9971
9235 7712
9265 3770
9303 3299
9376 2662
9382 8734
9386 2333
9388 6204
9396 7695
9405 7945
9479 3797
9525 3775
9531 2388
9550 2893
9582 6341
9643 839
9659 361
9659 2561
9663 2349
9722 2502
9722 9936
9726 8582
9776 8229
9777 2554
9788 2259
9799 1397
9805 8090
9812 7853
9813 40
9813 8475
9838 2569
9855 5543
9860 680
9885 208
9907 9626
9912 1626
9916 7174
9936 6532
