2 2156
10 3246
26 7299
35 3488
36 4360
42 7896
65 1936
98 6015
134 8867
143 1188
146 3685
159 4945
162 1805
167 4288
173 7837
195 4366
205 9597
214 9226
230 8841
233 7024
298 7454
301 9055
302 7323
368 6997
391 3402
401 4509
415 928
477 358
517 3542
537 5838
573 1316
591 4433
598 3493
665 368
667 2246
688 9258
733 8217
753 994
786 8423
807 8626
838 9611
841 3316
845 8177
852 6408
912 8883
923 1049
928 7484
949 2392
957 3469
994 6132
997 3775
1030 5306
1090 8692
1139 2776
1262 8084
1276 7980
1303 7796
1314 8120
1368 4783
1397 387
1416 2680
1421 9704
1433 1833
1433 7184
1456 9480
1472 1740
1479 9113
1509 371
1532 6293
1541 4323
1552 7905
1563 7990
1580 234
1668 128
1674 1054
1722 9200
1735 274
1746 6283
1748 6577
1771 1669
1773 8388
1776 5232
1783 7099
1790 5915
1819 5023
1847 4825
1849 2069
1892 6868
1899 2128
1931 1815
1977 5805
1996 1542
1998 474
2013 4919
2018 3355
2022 3446
2038 810
2099 2076
2111 3985
2178 2275
2198 3966
2200 4375
2242 2611
2249 1125
2271 8969
2285 5646
2334 6473
2336 9225
2342 1419
2464 7127
2471 9122
2555 822
2568 6928
2574 9924
2581 8396
2621 708
2622 7435
2637 7662
2640 6268
2683 1580
2720 1803
2731 5569
2732 8007
2738 2100
2773 5550
2777 2496
2829 3629
2839 7178
2846 9330
2909 490
2923 8205
2971 8056
2984 6735
3025 2001
3063 3308
3087 2193
3114 6318
3122 1172
3149 6613
3159 9362
3164 5676
3195 2717
3195 8892
3209 6658
3209 9799
3227 8010
3238 8025
3249 3410
3267 3429
3279 959
3326 7719
3365 5660
3379 5870
3425 6516
3445 1201
3446 9903
3467 6367
3471 4046
3503 5777
3582 4076
3583 5498
3608 5194
3628 5775
3631 5379
3670 2811
3672 60
3684 3730
3710 3187
3719 9193
3748 1519
3773 7323
3775 2694
3813 5229
3851 667
3858 3156
3871 4808
3918 4350
3940 7084
3971 3842
3976 9060
3987 9894
4033 5395
4093 1838
4113 9719
4134 3632
4167 3609
4210 4770
4229 3343
4293 9242
4311 6379
4335 4822
4356 6637
4382 3623
4390 8861
4394 9455
4402 7077
4428 5345
4430 1107
4437 3062
4499 1334
4583 734
4586 570
4602 5458
4627 5620
4631 933
4641 1511
4673 374
4687 7785
4718 7617
4767 2950
4770 4003
4798 3575
4818 8228
4868 9698
4870 1587
4870 4110
4951 9424
4956 2108
4961 9667
4966 1899
4979 4637
4992 3827
4992 9314
4993 7037
4996 1977
5032 1818
5047 2876
5054 1435
5055 3983
5075 7734
5082 3805
5088 1125
5133 2496
5139 8586
5157 9520
5184 7977
5207 8831
5224 5132
5251 6937
5276 3345
5285 4614
5305 499
5335 3382
5382 4288
5395 3692
5402 1418
5420 1694
5448 7042
5458 7490
5480 6210
5505 4777
5577 591
5577 4252
5607 9312
5608 5494
5611 5077
5611 7944
5625 8289
5656 5182
5733 7240
5742 1572
5749 2502
5750 4807
5754 1018
5757 9202
5811 3358
5830 5654
5841 397
5856 9340
5862 4443
5957 3020
5967 9045
6019 6209
6023 4645
6042 2640
6075 3316
6125 591
6126 5021
6153 9431
6188 7001
6215 355
6221 8637
6228 4669
6239 696
6240 4933
6242 1800
6249 2631
6259 3758
6259 8806
6259 9770
6262 9310
6283 8466
6297 8130
6355 6494
6357 3834
6396 2952
6396 7675
6401 5300
6414 7401
6417 9192
6424 8710
6438 2395
6445 1969
6506 5779
6573 1127
6573 6297
6582 1225
6591 8944
6610 4337
6613 2976
6645 9265
6680 2459
6739 9754
6755 2480
6773 970
6784 6945
6803 5905
6841 7162
6846 1917
6860 8429
6898 3302
6912 2108
6935 1460
6937 2111
6938 3300
6964 7882
6979 9774
6982 6807
6991 7635
6995 609
7065 1877
7071 542
7076 483
7081 1740
7106 5291
7115 3838
7130 6774
7148 4159
7197 4772
7204 5731
7217 9439
7221 6739
7234 1404
7303 1716
7340 2768
7342 6869
7365 458
7457 4891
7474 8247
7484 3305
7484 3539
7487 6691
7490 6399
7490 7143
7494 8290
7526 2722
7584 6644
7585 742
7593 5832
7610 619
7633 3321
7633 6540
7663 1520
7665 1485
7695 1914
7720 1303
7725 3169
7735 1214
7779 8513
7783 8332
7801 2333
7803 4153
7822 3470
7827 9164
7834 3190
7847 9059
7869 31
7881 1113
7881 5209
7883 1696
7951 1178
7982 1529
7990 3421
7996 5978
8044 8645
8047 6933
8052 8999
8061 4925
8070 2936
8070 7051
8079 8944
8092 47
8092 7840
8098 6637
8109 2351
8120 5862
8136 4397
8138 6719
8183 778
8189 7852
8193 3825
8222 8016
8252 2738
8272 1028
8309 6492
8313 5330
8313 9839
8333 3042
8359 652
8372 3101
8431 670
8435 1765
8451 1449
8453 4703
8463 7240
8466 7803
8517 7897
8526 5406
8541 7360
8547 610
8549 9363
8598 7137
8640 5019
8642 588
8645 3919
8697 7203
8710 2777
8735 646
8744 6196
8748 3847
8755 7459
8817 8432
8841 8907
8845 6946
8874 5980
8880 1989
8889 5932
8897 9193
8920 1031
8923 9398
8931 1589
8947 1605
8952 2975
8958 2487
8962 9906
8963 4910
8980 6131
8984 1957
9001 7859
9002 8425
9008 5143
9012 4285
9012 9805
9023 8313
9032 8371
9104 1532
9112 7881
9153 5217
9161 5945
9167 4348
9180 6285
9185 314
9208 4361
9227 7722
9229 8124
9239 9648
9244 12
9244 3418
9256 510
9290 1432
9301 591
9302 6863
9347 3111
9355 1552
9357 1542
9361 2761
9471 6105
9516 5870
9532 3727
9532 6722
9562 1404
9597 289
9597 5283
9617 9944
9641 5621
9646 2066
9683 665
9741 9974
9759 2096
9759 8046
9763 1676
9770 1956
9781 6287
9789 2651
9800 5315
9802 9318
9842 5225
9904 6296
9959 409
9979 4010
