4 1272
6 680
37 9553
43 9330
55 3005
60 8424
132 291
194 6569
200 8607
219 223
234 7431
248 5018
274 8105
285 3687
290 3769
307 235
321 7343
380 2679
381 2647
409 205
430 2240
467 1878
480 4275
547 5871
588 2639
594 336
605 4655
636 1073
636 6240
646 7226
658 3449
667 150
675 8577
696 9817
747 7915
762 1726
762 5402
764 5368
797 5427
820 2316
830 5671
880 3607
957 9916
961 6357
963 4697
1058 8279
1080 3695
1114 5875
1119 5234
1140 1672
1163 4718
1214 2428
1214 8379
1262 2707
1267 6618
1275 4439
1323 4817
1326 4607
1332 94
1346 9482
1366 2990
1374 3380
1374 7385
1390 6235
1396 7504
1397 8746
1442 7582
1490 4934
1506 5132
1525 16
1533 3383
1591 281
1615 4900
1671 8548
1700 3312
1723 9675
1759 9258
1761 69
1763 513
1783 662
1787 9340
1797 1236
1797 8190
1879 4508
1881 4608
1972 2909
1980 2692
2093 5431
2097 7729
2117 4982
2126 2609
2136 1294
2136 8678
2145 734
2168 3553
2247 6570
2259 6938
2279 3892
2289 5965
2289 9351
2301 9817
2304 8889
2314 8917
2340 9032
2341 1712
2354 1400
2379 2543
2382 4552
2388 6861
2419 7847
2448 6835
2449 662
2457 4519
2480 9998
2489 1480
2492 4942
2502 2189
2509 6928
2549 321
2549 4994
2561 3400
2577 1663
2601 6933
2611 9246
2630 1998
2655 6996
2681 9380
2725 6238
2730 9184
2731 7911
2731 8984
2738 3793
2760 508
2767 876
2813 2218
2816 6038
2832 5269
2832 5942
2839 4723
2850 9180
2853 1915
2854 8402
2877 7791
2922 5764
2929 997
2935 4064
2990 3233
3022 4509
3073 7448
3083 821
3090 5582
3101 3749
3105 7023
3140 1312
3144 9230
3166 3337
3174 9908
3189 7711
3205 5301
3206 7313
3219 4718
3220 3046
3260 6506
3281 16
3289 6836
3314 3225
3352 9979
3375 3977
3398 2364
3416 5686
3427 6701
3435 5912
3438 6835
3462 4013
3498 5932
3539 9143
3621 3971
3629 7800
3653 687
3691 5754
3691 9048
3698 1763
3754 4159
3781 9771
3787 4628
3817 2095
3864 6471
3906 2216
3924 3212
3942 1965
3973 6616
4001 3980
4011 9899
4014 4776
4016 1989
4094 588
4124 2292
4153 8237
4160 9133
4181 7953
4189 5338
4197 170
4197 1119
4227 2700
4285 8993
4288 9060
4292 4340
4316 1826
4324 6
4337 3392
4341 1889
4354 6208
4399 5081
4406 2967
4437 2197
4456 4554
4470 9878
4475 6369
4481 5873
4533 4876
4590 2543
4598 3602
4640 4280
4641 1576
4664 9427
4693 2549
4700 8030
4714 576
4718 3269
4726 7911
4733 2451
4759 9363
4781 1913
4831 7778
4872 2661
4933 5925
4935 5731
4935 7720
4938 8892
4945 5173
4951 6235
4954 4894
4957 6355
4983 1794
4986 3138
5003 391
5019 7464
5057 8754
5115 5157
5137 8108
5159 2599
5166 2055
5172 7511
5184 9247
5196 437
5219 5191
5269 2220
5275 1714
5293 550
5306 1638
5345 5302
5370 1542
5378 7168
5382 591
5390 2402
5397 9124
5405 7712
5419 7963
5426 6659
5430 1125
5474 5062
5475 5376
5476 992
5495 3134
5525 310
5539 2438
5633 6566
5640 1112
5663 6442
5675 8848
5711 7486
5726 7089
5727 7110
5729 9105
5750 2923
5844 2420
5856 5691
5859 1716
5918 4304
5930 9270
5960 1902
5966 6188
5978 5019
5980 6750
6076 7626
6087 5805
6161 6752
6204 4700
6227 7852
6259 428
6259 3393
6281 3314
6289 9159
6295 4564
6302 6855
6328 1521
6341 4304
6357 5249
6504 7627
6508 4452
6523 2896
6524 3806
6538 2616
6577 2359
6586 7740
6650 2152
6685 2840
6743 2355
6743 4509
6748 2489
6751 2099
6754 4697
6763 9462
6765 506
6767 9987
6787 6690
6825 2509
6901 8734
6912 9666
6928 9258
6991 658
7001 8415
7003 2433
7036 8824
7089 2527
7112 2370
7112 6320
7126 6106
7142 4590
7155 8872
7157 7197
7163 2896
7165 4339
7193 1297
7224 4189
7226 9462
7252 434
7256 7216
7258 8004
7278 2768
7284 2642
7314 2298
7338 9075
7362 5761
7379 9361
7383 918
7417 457
7451 5248
7472 573
7529 1847
7543 6516
7549 44
7558 3502
7559 5716
7575 6964
7588 4438
7590 2752
7594 7731
7669 8107
7672 8735
7680 1805
7684 7496
7702 8843
7713 9136
7755 2601
7770 2543
7773 9241
7779 3979
7794 2127
7851 5569
7858 5000
7859 4859
7860 5269
7875 190
7878 978
7917 2504
7945 5148
7953 9364
7963 140
7965 6992
7990 1765
8011 7370
8014 4443
8019 7828
8070 6338
8070 8494
8083 6188
8089 4150
8111 8995
8171 2653
8178 4146
8178 5620
8201 4181
8209 2653
8213 246
8236 3195
8236 6823
8244 2766
8246 9337
8295 1579
8298 2259
8304 8009
8310 1276
8343 2083
8387 1579
8387 9923
8407 16
8410 4218
8413 299
8417 9039
8464 5063
8521 8797
8548 6006
8556 2207
8559 8778
8562 6826
8588 5521
8588 5932
8642 7675
8647 1616
8655 7571
8675 7434
8698 847
8711 597
8752 2419
8765 8080
8783 8433
8789 7476
8792 949
8797 8811
8807 2095
8846 6141
8854 9405
8870 4821
8887 7643
8889 5300
8940 5098
8961 4130
9029 590
9053 5880
9067 9231
9075 6075
9111 8800
9117 4781
9130 6520
9148 104
9176 5602
9176 9453
9228 7029
9243 5363
9244 7802
9247 8738
9289 5441
9339 1213
9374 1600
9389 7756
9392 1008
9396 1435
9403 5524
9427 1994
9431 1963
9448 823
9450 2370
9455 1116
9465 9909
9479 3776
9480 9495
9483 2761
9499 1846
9503 3380
9557 2615
9560 808
9562 9830
9563 9335
9570 3316
9602 6565
9659 583
9660 9304
9667 2220
9709 167
9748 9669
9802 9094
9832 2333
9842 9251
9843 282
9848 3447
9852 8345
9908 5732
9940 8969
9990 6758
