18 5221
21 1433
35 8285
120 2731
120 8937
138 3546
174 2423
220 1066
274 7874
286 7784
376 9263
381 1649
409 8781
449 9111
474 776
487 974
497 5830
535 1887
537 4316
550 9243
553 7075
593 5972
594 1846
621 3387
621 7796
658 646
658 9176
674 7682
712 4028
726 9743
747 9520
748 7221
757 3687
764 7726
771 869
797 6328
811 8655
839 8607
855 4549
856 4243
876 4703
878 4826
878 8352
894 6334
906 1293
948 5064
949 5738
1012 869
1019 5232
1025 6486
1032 8359
1041 2391
1054 2206
1056 8044
1056 8644
1060 9640
1083 5415
1103 401
1184 1795
1190 2858
1193 8528
1197 7142
1228 3676
1254 5930
1260 9200
1276 1839
1295 7075
1316 8400
1346 8055
1373 5276
1395 6148
1427 4803
1460 2925
1502 9724
1519 2126
1575 7144
1578 8138
1584 9583
1600 45
1605 3642
1648 5561
1653 5320
1656 6125
1705 5033
1731 354
1778 6444
1813 3698
1820 1707
1854 1487
1893 3943
1895 5384
1904 5782
1913 4098
1953 8468
1988 3602
1996 2281
1996 9859
2044 6822
2092 9940
2123 8158
2150 4925
2257 1078
2350 7570
2365 8711
2399 3591
2400 6937
2404 2995
2427 8285
2448 1846
2487 2281
2496 3268
2505 7772
2562 7504
2569 2637
2572 3671
2574 6201
2584 1690
2600 398
2644 430
2651 1008
2654 2373
2659 8387
2664 390
2689 1628
2696 1014
2697 9005
2731 2278
2743 2080
2768 3830
2783 1541
2840 9501
2849 175
2869 1904
2897 6969
2907 9921
2929 5054
2930 3601
2936 7777
2947 1810
2959 1051
3005 7773
3040 5532
3057 7654
3067 4095
3089 2862
3090 298
3135 6044
3163 1902
3163 8987
3166 6102
3177 5397
3182 9800
3185 4113
3224 1866
3255 3020
3270 3391
3282 1395
3286 2447
3308 7114
3332 8005
3335 3195
3346 1425
3371 6696
3380 8999
3381 9835
3435 3533
3459 1638
3461 5967
3475 4693
3488 6847
3512 1668
3518 5031
3522 3930
3578 9550
3638 2696
3660 4941
3669 35
3699 9943
3700 4645
3723 572
3723 1119
3748 5654
3778 1926
3856 9737
3878 6414
3899 5117
3915 5847
3924 3312
3943 1855
3955 3717
3961 0
3977 1086
3985 520
4046 5268
4064 2419
4095 6863
4096 1617
4105 7309
4114 2111
4127 7566
4130 3742
4156 6017
4157 9661
4178 5602
4267 5892
4273 6246
4319 8755
4328 8808
4330 9194
4334 1789
4334 4501
4354 7053
4358 5993
4362 4508
4371 8943
4410 2017
4419 3322
4426 1891
4441 6202
4462 7800
4508 4900
4511 2356
4537 1320
4561 840
4585 1414
4589 3040
4596 5441
4614 9770
4629 3581
4683 3255
4687 9646
4699 6734
4713 7937
4716 8301
4717 6214
4726 281
4738 6039
4758 6357
4759 6953
4808 1457
4813 1396
4863 1389
4873 1657
4936 1201
4945 1716
4980 2765
4983 579
4989 4228
5000 5585
5020 8124
5021 3428
5054 9249
5065 7617
5089 4979
5089 7148
5098 771
5108 6152
5126 8987
5170 1674
5195 9453
5199 7654
5227 9074
5244 1915
5251 4811
5315 7735
5337 4559
5364 8449
5372 4388
5378 4673
5390 8407
5392 2194
5422 7822
5437 5754
5452 1196
5524 2423
5552 9580
5557 5358
5565 2783
5574 8338
5582 6836
5596 3447
5625 1126
5663 3986
5675 8109
5675 8675
5726 9334
5754 5627
5797 3597
5799 2144
5811 1709
5902 335
5913 9916
5927 499
5945 762
5945 5003
5957 4571
5969 3455
6000 7326
6036 7529
6048 4273
6095 9860
6106 9761
6144 8117
6148 322
6235 6716
6260 5749
6263 4384
6276 3271
6292 4686
6302 3279
6345 6832
6373 2908
6379 6610
6382 44
6427 5539
6446 4781
6458 3518
6470 1969
6491 4620
6517 9159
6524 3795
6537 1969
6587 1038
6616 3610
6633 1164
6685 516
6713 6369
6714 9093
6723 6646
6779 2350
6796 9578
6797 1848
6819 9772
6850 1395
6855 2619
6856 3550
6893 9478
6982 6023
6995 3476
7007 9045
7010 5998
7010 7891
7016 2500
7031 8247
7114 6991
7115 2274
7121 5395
7158 9063
7179 868
7216 6638
7220 7622
7243 4740
7247 6723
7247 9374
7269 4699
7277 4458
7319 9651
7357 8189
7391 241
7400 7911
7425 2427
7427 3825
7452 730
7454 3046
7462 8407
7464 543
7466 9271
7471 450
7471 3966
7472 212
7474 7149
7474 8133
7477 5234
7480 7663
7514 7042
7526 7053
7535 7027
7556 6316
7570 1462
7590 3449
7591 8779
7605 9257
7622 7234
7635 8418
7653 9384
7689 7440
7725 4031
7753 2592
7779 3938
7779 7028
7796 796
7818 9576
7819 879
7825 1533
7851 3193
7870 6865
7871 688
7880 9936
7891 651
7915 3031
7963 2820
7970 4659
7975 4360
7990 4073
7995 1999
8025 7394
8032 9874
8070 3964
8120 4093
8168 4483
8176 7973
8187 343
8197 9257
8260 5858
8332 1240
8372 6462
8390 4686
8413 8308
8424 8364
8471 4176
8484 9006
8486 6118
8524 1533
8566 5469
8586 6454
8598 7566
8604 9161
8611 2251
8640 8424
8642 5514
8644 6303
8645 390
8686 956
8686 1258
8707 6813
8730 3381
8746 1299
8749 5320
8778 3695
8801 5398
8828 5960
8829 4639
8842 2340
8861 7163
8875 3548
8876 27
8880 1441
8895 1136
8895 4467
8999 4529
9006 6288
9056 2809
9066 7853
9086 9679
9103 2008
9121 9476
9127 6066
9134 6726
9139 3030
9159 6573
9164 3475
9167 1953
9209 9091
9210 4876
9217 6268
9247 2223
9258 8723
9274 3010
9281 1076
9309 8566
9346 5913
9356 1773
9364 8429
9380 3006
9386 1840
9407 1521
9464 4017
9492 2839
9521 6379
9563 374
9598 5874
9611 415
9619 1653
9622 7393
9628 1772
9666 1972
9666 2111
9701 1407
9709 9918
9743 976
9770 9435
9852 2489
9877 617
9884 5892
9888 1413
9923 49
9923 8751
9930 5772
9971 1847
9987 2707
