2 2891
10 581
49 2294
100 8565
108 4955
109 2913
142 9337
220 2982
220 4252
230 3536
234 4880
237 9384
242 7861
285 810
291 8932
312 3413
312 8701
359 6148
379 3061
380 8044
396 9624
403 6466
427 7758
431 1070
432 1913
440 443
443 2694
455 4657
499 1332
521 5308
539 258
561 4659
569 9477
571 961
573 8176
574 9454
588 1456
627 2367
651 9116
652 7782
676 2111
695 1899
699 2847
751 3695
778 6578
782 8525
785 4738
803 8670
838 1633
854 9289
867 8879
868 1124
955 7665
976 7401
1018 1529
1030 9039
1038 1444
1096 7976
1112 6741
1166 1216
1168 1411
1187 1944
1223 2676
1227 5902
1231 1388
1257 7748
1357 4589
1365 7072
1396 3776
1427 6388
1433 2108
1449 2387
1490 9348
1514 8631
1519 6878
1541 3095
1552 1813
1609 7282
1646 3433
1696 5620
1712 9938
1737 2858
1773 9751
1784 2796
1788 5453
1804 4362
1847 9366
1904 1705
1920 2358
1936 7229
1942 6659
1962 4568
1968 3263
1998 590
2006 9970
2017 5054
2030 81
2031 1507
2076 1192
2092 6020
2144 1056
2182 5007
2202 7190
2213 9194
2226 635
2247 6953
2284 3191
2290 3892
2304 6204
2304 8894
2358 2931
2359 4203
2366 9055
2390 1860
2395 2592
2409 7739
2411 1126
2423 8987
2448 44
2464 3979
2478 3267
2478 9771
2502 1794
2548 6827
2577 5781
2583 9724
2586 7001
2604 2915
2645 4649
2681 6015
2703 7351
2730 2777
2764 8840
2820 8247
2822 4739
2825 5393
2834 2499
2862 3195
2877 8343
2882 5019
2890 1236
2896 541
2942 4557
2942 5198
2984 5173
2994 9247
3024 2496
3025 6612
3034 7239
3044 4204
3075 1540
3098 6616
3156 1258
3191 9779
3197 6328
3203 9682
3206 7237
3223 9224
3268 8016
3285 6412
3288 94
3288 1375
3308 9095
3316 8649
3343 715
3359 991
3391 3197
3414 1010
3418 7653
3434 2870
3439 8302
3471 8160
3475 1694
3479 346
3502 4790
3532 1099
3542 5619
3552 7672
3559 5521
3564 4122
3590 2382
3593 7905
3619 9130
3623 5539
3632 1686
3642 9112
3657 1457
3691 6517
3692 5410
3717 12
3727 8106
3729 9439
3740 4944
3745 4285
3748 4529
3751 2535
3766 462
3772 7225
3802 9008
3808 8707
3827 8107
3846 1635
3859 6848
3871 1008
3895 6442
3896 5402
3918 6713
3956 2317
4012 8085
4082 4663
4083 341
4131 3344
4149 6484
4158 2070
4182 2492
4262 4171
4291 943
4313 3632
4328 9874
4329 835
4344 2239
4350 8637
4402 7369
4456 2549
4481 1463
4499 6799
4519 1763
4519 7258
4519 9151
4545 21
4557 2714
4564 1056
4580 2780
4645 1921
4654 6674
4655 2977
4659 9523
4673 4096
4688 7857
4700 196
4704 4759
4713 9340
4790 1607
4818 2684
4955 9368
4977 9590
4986 9781
4992 2094
5021 8787
5038 1238
5069 4150
5072 5199
5077 1452
5089 8741
5092 9864
5117 161
5137 307
5160 4304
5194 6004
5214 5251
5304 8030
5305 4759
5359 6908
5362 4094
5475 9008
5527 1027
5555 5811
5555 8961
5558 1660
5563 1926
5571 8725
5611 1263
5621 7144
5670 3252
5673 2703
5682 696
5709 9561
5714 4073
5714 8130
5762 2406
5769 581
5795 6066
5800 8354
5806 8783
5820 1164
5880 8346
5880 9846
5910 3911
5915 1723
5924 8109
5927 2596
5938 9906
5942 4420
5958 1698
5971 7487
6011 995
6034 6024
6049 9179
6057 7163
6075 7617
6126 1704
6160 4111
6168 6796
6193 4801
6193 5766
6202 119
6216 6515
6234 6676
6284 432
6292 9902
6296 403
6299 1214
6303 5937
6306 9034
6346 7103
6367 7512
6369 2733
6415 4425
6520 4252
6540 7417
6558 7376
6595 274
6637 9361
6640 8218
6643 5395
6687 7928
6690 1821
6692 9681
6705 6465
6709 3942
6723 846
6733 3838
6733 6262
6734 248
6735 666
6758 2100
6773 3967
6773 8054
6859 2700
6900 743
6914 8302
6937 5306
6994 9644
7031 6644
7086 8527
7105 4899
7107 8793
7142 205
7164 3467
7180 3905
7181 9171
7184 3222
7247 2399
7313 5942
7330 1414
7343 9337
7385 2424
7417 1413
7425 2818
7434 6761
7436 708
7437 8116
7480 4385
7530 4730
7593 893
7598 2901
7672 7452
7684 8080
7691 6032
7715 9557
7720 4271
7721 3484
7725 8116
7729 369
7735 9110
7770 7052
7779 2836
7782 3265
7803 3388
7804 2654
7814 5255
7841 50
7885 8888
7907 5486
7951 5015
7951 7053
7957 39
7958 786
7958 5926
7964 1076
7996 6603
8012 8450
8056 8676
8083 4262
8085 2273
8108 2429
8115 4925
8118 4272
8182 8877
8184 9408
8192 4266
8201 3943
8221 7895
8222 1101
8281 4589
8285 1641
8293 8751
8298 8371
8302 3
8333 8770
8366 8933
8368 5602
8379 8898
8395 9758
8418 1865
8466 1400
8471 7638
8472 1605
8504 9008
8508 3690
8514 2218
8516 4888
8547 2239
8548 1860
8561 2159
8588 9584
8591 7467
8600 1794
8616 676
8630 5188
8658 8709
8659 346
8659 5654
8709 7847
8724 8247
8831 6454
8831 9648
8836 31
8853 323
8921 7801
8948 2697
8982 9901
8995 2819
8996 200
9021 1445
9021 3980
9032 5204
9039 4008
9072 1139
9080 3286
9112 4280
9135 6956
9186 1593
9195 7770
9198 3184
9235 9779
9239 2583
9253 1422
9255 5845
9275 9290
9281 7777
9307 3949
9352 5917
9370 8843
9431 2912
9467 5964
9477 5049
9479 7226
9499 3657
9517 1396
9517 8564
9550 6284
9577 9327
9588 9529
9593 6252
9601 3332
9619 6881
9622 7182
9648 157
9653 7551
9666 8333
9696 7731
9715 6997
9726 3270
9743 9756
9754 9029
9761 2679
9766 5704
9773 53
9782 9503
9811 3627
9815 1940
9830 6484
9832 2093
9843 2505
9914 6410
9918 3205
9918 4597
9984 9427
9989 802
