5 8176
11 2370
21 6860
35 4278
51 6221
54 6933
65 753
146 1237
146 9473
148 3975
174 2602
227 7220
295 2069
302 5735
304 764
322 5585
322 7836
371 2915
392 8186
405 5998
415 314
432 4787
436 127
447 7716
477 427
505 4169
541 9293
579 4994
581 3607
599 9085
618 8893
668 5103
670 7777
674 2046
680 8673
742 9282
757 7024
762 2643
776 7736
777 8456
788 4799
790 3379
798 316
813 1577
848 2091
873 5122
880 2190
883 5406
897 8350
922 9281
923 3281
979 8564
994 7319
998 445
1000 9575
1004 5425
1014 1038
1031 4737
1056 2722
1070 5508
1112 4797
1127 8568
1141 4787
1213 3760
1231 1614
1257 9439
1263 9499
1302 4710
1308 1265
1316 2656
1342 9315
1344 3610
1401 6289
1404 5170
1407 4929
1416 2354
1430 5942
1445 7900
1487 9636
1515 7027
1521 1277
1589 6828
1609 7853
1635 3986
1666 9885
1674 8738
1677 6866
1710 3055
1717 3480
1759 8197
1772 3432
1773 4341
1773 6155
1778 6371
1811 1629
1849 8898
1912 2453
1921 4956
1938 4935
1957 2632
1968 7474
1987 6787
2017 8846
2034 1898
2077 9637
2126 8538
2127 5437
2133 3236
2144 8938
2150 9454
2152 7965
2156 5843
2161 8288
2175 6497
2188 2782
2232 4889
2244 253
2278 4344
2285 594
2369 2683
2398 6002
2400 2898
2469 8540
2490 5558
2505 2944
2571 6719
2577 6715
2630 2118
2631 8365
2640 7647
2647 5422
2687 1926
2742 476
2764 4384
2765 6289
2812 3339
2862 2242
2894 3939
2921 4048
2922 4261
2952 2206
3008 2507
3012 2701
3026 7284
3056 5881
3070 3858
3089 1991
3118 5402
3184 550
3189 5177
3205 2000
3278 7758
3298 8562
3306 9192
3325 2606
3352 7725
3368 9840
3400 358
3412 3754
3424 8377
3455 5244
3464 3132
3474 3786
3477 6622
3504 3407
3523 9014
3553 518
3566 4875
3569 9611
3588 7007
3593 8779
3602 4456
3613 1103
3625 5640
3631 1357
3640 6087
3660 5591
3664 897
3670 4304
3672 8686
3676 4046
3679 2370
3688 945
3694 7792
3699 7077
3700 7951
3702 7129
3717 4744
3846 19
3858 3431
3903 8310
3905 768
3923 2908
3942 2341
4008 8673
4033 5727
4037 9888
4049 7226
4076 9583
4128 9376
4142 6401
4160 7212
4171 7474
4209 5741
4212 2240
4227 219
4229 54
4233 7679
4243 8747
4255 8974
4321 4454
4323 6577
4362 4081
4367 7124
4371 7760
4390 1258
4467 2010
4467 6020
4514 2216
4529 3195
4553 1826
4555 2761
4557 5764
4559 3749
4559 5224
4608 7583
4637 435
4637 4759
4654 5625
4657 8347
4668 8130
4688 7182
4714 1294
4722 8530
4738 6204
4739 2030
4742 3444
4758 3294
4758 5109
4846 2539
4875 9328
4910 8130
4914 7365
4933 9767
4934 3294
4976 9207
4989 7945
5013 3964
5034 9887
5045 1310
5054 3293
5091 8212
5108 4138
5109 609
5118 7227
5136 2020
5164 1579
5182 2910
5219 1125
5293 7647
5330 9389
5345 4783
5359 7929
5370 9899
5373 5843
5384 5590
5384 9228
5384 9941
5424 79
5465 8791
5477 9715
5477 9720
5508 3749
5549 9298
5550 3478
5550 8114
5570 1698
5575 4114
5590 9904
5596 9842
5613 119
5658 4581
5663 748
5677 7282
5749 3602
5754 159
5798 3375
5830 3445
5830 3631
5864 9005
5864 9619
5882 7680
5884 7967
5897 2093
5902 9786
5910 5754
5924 2599
5942 1791
5946 1461
5988 4149
6008 5425
6025 4808
6044 2514
6046 2544
6066 4261
6093 9773
6097 46
6127 8085
6175 381
6186 7963
6208 6690
6219 1733
6263 2562
6283 8433
6284 1784
6286 3224
6294 1962
6302 4951
6306 3152
6317 3648
6328 2578
6383 7107
6385 5640
6408 5961
6417 1254
6439 9582
6445 802
6504 6624
6506 339
6524 2985
6532 9508
6574 7486
6678 7664
6704 5041
6713 8222
6714 6209
6720 1670
6730 5067
6730 6637
6784 949
6846 1704
6937 2679
6953 8941
6956 7715
6989 4423
6993 4313
7038 6982
7062 2817
7071 290
7126 3887
7127 8723
7131 1552
7165 5054
7168 2301
7168 9114
7175 4065
7189 1929
7190 6920
7237 9538
7239 6760
7277 4594
7304 5715
7308 763
7311 253
7311 9130
7323 2034
7392 2512
7434 1963
7445 5289
7487 3025
7494 8238
7499 5596
7517 5183
7533 8806
7585 4693
7586 8953
7600 3130
7609 2049
7629 9206
7662 8532
7702 7977
7727 3700
7735 8402
7774 7801
7793 2205
7794 69
7802 9038
7805 1166
7818 3628
7820 5125
7823 8969
7829 4275
7851 8828
7862 4781
7896 1507
7979 9880
7990 3647
8045 5928
8049 8120
8052 492
8052 8586
8088 9348
8106 1919
8118 4243
8138 6302
8176 3246
8190 1569
8192 9627
8196 7597
8211 626
8217 5293
8231 2402
8231 7570
8236 9247
8237 8551
8241 7783
8260 8644
8262 8573
8267 2075
8288 3107
8300 6586
8431 6031
8463 8234
8484 2609
8514 7756
8559 8395
8567 9842
8568 3999
8571 6709
8586 487
8606 7260
8638 589
8680 8791
8723 7869
8752 9309
8782 5628
8801 6963
8807 5918
8829 3694
8839 4085
8845 7871
8854 4195
8887 9944
8921 7782
8930 9061
8967 671
8975 3788
8986 5125
8998 2945
9023 6483
9028 7777
9056 5157
9070 9748
9071 4488
9108 6131
9113 7207
9139 7682
9149 6650
9195 5561
9198 3730
9207 9262
9213 2418
9247 6788
9247 8379
9275 9546
9304 827
9343 8674
9400 1329
9407 9921
9416 1735
9493 6539
9526 2411
9562 5295
9575 7013
9580 8984
9588 890
9617 4730
9637 7077
9692 8418
9697 67
9697 6666
9710 2492
9720 5151
9731 9557
9750 4642
9779 5855
9785 5201
9789 2352
9800 6593
9813 9069
9815 1579
9828 7980
9843 3609
9860 1114
9881 5798
9968 6186
9981 194
9987 9970
9992 839
9998 9659
