4 4196
9 4680
21 1619
40 4515
47 9195
49 5811
86 6962
90 8055
94 6314
107 5289
150 6859
193 903
201 2444
215 2815
216 7493
236 6995
295 6621
302 455
316 5385
329 8660
363 9851
427 5798
447 650
450 6160
468 3439
469 3134
527 7374
589 9039
605 1819
612 8655
628 4818
636 1461
636 8183
636 8968
653 8210
659 2945
663 7379
672 5921
673 5922
686 1891
708 2856
712 5672
715 5633
729 2476
757 5028
766 5693
782 2130
796 8654
809 2656
823 6797
835 6560
845 4969
873 9133
943 2802
943 7659
1037 6603
1039 7332
1120 7001
1126 7716
1127 5446
1157 3601
1170 9497
1177 5388
1183 2959
1230 7096
1238 9546
1275 2883
1299 5151
1344 2011
1360 2459
1365 3502
1411 6980
1425 7679
1457 992
1460 6473
1511 6895
1517 8804
1538 1413
1556 4580
1560 5743
1616 7637
1641 6529
1676 6943
1751 5749
1755 5832
1762 7061
1794 1784
1800 1717
1805 4335
1826 67
1826 3753
1837 73
1843 5996
1848 786
1889 7896
1913 2926
1932 1473
1969 9843
2002 605
2012 273
2022 5927
2028 6796
2030 3449
2043 4049
2053 6286
2075 2683
2078 6401
2091 7362
2137 4419
2148 4403
2156 8845
2164 5561
2168 8306
2220 7487
2244 3647
2249 5227
2274 5585
2343 6289
2351 8393
2370 6924
2371 123
2391 6964
2427 1430
2437 2092
2448 223
2489 8870
2529 454
2539 7725
2576 8116
2578 4375
2596 8752
2642 1971
2644 8431
2653 4349
2672 4306
2692 8400
2702 2095
2725 8184
2727 8926
2736 1615
2789 2538
2792 1804
2796 5621
2819 8171
2835 5355
2847 9379
2896 2314
2900 8659
2908 8184
2929 41
2954 7268
2972 7551
3000 9974
3004 1987
3005 4169
3077 8806
3095 9646
3097 7965
3112 9137
3130 1690
3132 1733
3207 927
3253 3770
3253 7740
3299 5552
3314 7251
3333 9881
3337 9030
3344 8736
3346 1778
3357 6144
3368 9282
3387 5792
3406 2261
3418 9207
3421 4423
3428 6114
3431 7082
3478 6367
3513 1704
3554 7346
3587 4747
3646 7964
3666 224
3666 5676
3676 2895
3697 8298
3701 29
3760 2828
3823 1897
3832 5928
3847 4103
3859 5397
3888 7522
3896 1201
3904 2058
3946 7623
3989 4064
4021 6881
4028 7780
4076 5248
4081 8217
4093 4203
4094 6586
4097 8938
4098 9330
4110 7383
4145 8180
4175 5965
4175 9906
4181 7427
4191 1633
4195 2419
4221 9636
4228 5801
4228 7900
4248 7316
4274 4004
4313 1821
4388 8789
4435 6733
4441 7810
4465 3944
4481 4517
4481 8580
4483 4581
4509 7393
4524 2451
4545 6355
4571 6032
4581 8747
4596 4410
4598 2687
4607 5838
4608 2757
4673 211
4713 4988
4733 3233
4733 7711
4759 1508
4768 773
4769 593
4814 5528
4876 1837
4941 4685
4949 1774
4956 9908
4957 941
4961 2915
4981 5611
5023 3781
5043 4344
5045 2350
5070 5424
5082 2388
5109 3651
5118 259
5119 1056
5160 7951
5166 6980
5168 1136
5169 9363
5177 6938
5215 3278
5234 4013
5263 2824
5275 7929
5280 6832
5282 134
5288 5390
5288 7785
5291 233
5301 5273
5311 8959
5320 6129
5355 9930
5368 1755
5376 2068
5378 5269
5398 1809
5411 1201
5421 5857
5421 9525
5438 2101
5508 3543
5518 1056
5527 3621
5536 6610
5563 9689
5564 1286
5565 4966
5565 6357
5591 3749
5709 9711
5723 7722
5758 8471
5799 1790
5801 1616
5827 3346
5893 8926
5912 3678
5921 6025
5945 6676
5958 9015
5960 9362
5999 4178
6004 2791
6013 9367
6014 2036
6023 4113
6026 4114
6028 1132
6069 4225
6093 281
6112 5146
6126 3698
6148 8845
6162 3634
6196 385
6203 6787
6216 1532
6227 1755
6232 1099
6263 6908
6306 8120
6317 3288
6318 4933
6323 5873
6333 4559
6406 6438
6527 2337
6527 7662
6529 5000
6560 9034
6582 3477
6588 5646
6610 382
6624 8675
6638 3397
6662 2191
6663 7665
6673 9014
6700 7071
6705 6259
6709 1179
6709 7823
6726 5031
6740 5709
6743 3642
6745 5993
6826 5849
6877 940
6904 9069
6910 7459
6928 6244
6963 43
7052 3853
7055 4035
7072 3795
7075 3036
7085 675
7105 1784
7107 5777
7124 4286
7127 6523
7155 5882
7169 6838
7176 4433
7180 6039
7181 5630
7220 6843
7225 3383
7226 1926
7264 1817
7326 6989
7363 1169
7369 3561
7456 9846
7519 841
7564 5166
7586 4530
7590 6031
7600 5191
7605 1310
7654 4343
7691 9209
7742 8464
7749 3713
7756 3571
7835 8311
7837 7649
7871 9102
7977 7337
8020 1122
8054 1127
8056 1496
8061 3293
8128 5397
8142 926
8196 3872
8197 4218
8237 7482
8242 7910
8260 4257
8267 3723
8274 2999
8285 2700
8293 3818
8312 4452
8312 6288
8337 5415
8364 7268
8417 3878
8425 8571
8430 5419
8464 5452
8471 3566
8508 7039
8514 3014
8525 8514
8559 9495
8565 6345
8597 4090
8603 6241
8622 7266
8637 703
8649 1906
8651 7052
8654 5738
8692 9263
8711 8261
8723 242
8739 3120
8746 8246
8769 553
8798 3416
8807 9972
8818 3703
8845 8763
8877 3967
8887 2766
8897 195
8920 49
8940 9335
8943 676
8975 8900
9001 6303
9054 7793
9067 2773
9067 3867
9127 7370
9130 7759
9135 5278
9140 1820
9216 5159
9222 4240
9256 4755
9263 6486
9274 7039
9280 3333
9315 7403
9343 9380
9348 4390
9363 5474
9364 2469
9364 3997
9372 6464
9376 7756
9384 6042
9386 5414
9390 2806
9407 6588
9435 1088
9443 8214
9448 205
9453 5253
9460 9682
9479 6882
9517 4332
9634 3478
9709 4175
9710 9695
9735 6004
9738 9090
9759 6963
9762 663
9766 6232
9767 1380
9809 8312
9813 3242
9818 9067
9832 2718
9851 4156
9862 8735
9878 5397
9903 5630
9930 6548
9942 4267
9949 9145
9993 7760
