11 4750
53 8640
54 841
54 2310
81 4875
82 8162
152 8831
191 1587
193 903
205 662
208 9211
214 3159
214 7493
215 8687
241 6523
260 5111
289 2179
293 6830
301 9055
329 8660
338 7647
340 8948
356 9114
369 2703
376 9263
377 5145
380 2679
390 7303
447 976
487 5133
520 7232
535 6455
539 303
550 6255
586 1504
590 2415
636 6688
667 5231
680 1792
682 5997
688 9258
692 5723
762 5402
786 8423
799 8361
820 5168
830 5671
846 2588
888 2176
924 4060
928 9318
941 1475
949 2392
949 3397
974 5536
988 909
1030 5306
1058 8279
1102 3839
1121 7998
1122 6105
1136 3742
1139 403
1151 4888
1159 2930
1166 1216
1210 6354
1223 2676
1230 7096
1260 1674
1262 2707
1274 6606
1325 9604
1374 9104
1381 2972
1381 9960
1433 1833
1458 3802
1458 5545
1472 1740
1526 335
1539 8319
1560 5743
1582 9104
1607 5980
1614 9085
1628 1902
1653 3504
1653 5320
1656 1747
1666 922
1773 8388
1783 7099
1874 8362
1920 2358
1942 6659
1968 3263
2002 605
2043 4049
2053 1849
2094 967
2097 1626
2156 5143
2160 6592
2213 9194
2225 1463
2237 4894
2259 6938
2285 2187
2314 8917
2354 484
2374 1038
2391 6964
2399 3355
2419 7847
2423 110
2449 1977
2464 3979
2468 9421
2478 3267
2502 8735
2507 1558
2567 6463
2584 6569
2586 1554
2588 5843
2600 398
2615 6211
2629 2341
2644 430
2654 5363
2685 3418
2702 7804
2768 3830
2792 9196
2929 41
2954 7268
2971 8607
2976 5577
2977 1240
3001 7393
3004 1987
3028 7350
3057 7654
3057 7779
3063 3308
3083 5244
3085 2253
3096 6146
3123 2409
3126 9957
3149 6318
3185 4113
3205 5301
3239 3287
3271 9860
3281 4390
3299 2674
3305 8515
3308 7114
3314 7251
3351 8017
3352 7725
3357 6144
3379 5870
3395 6749
3411 6774
3418 9207
3421 4423
3428 6023
3435 5912
3451 7582
3459 1638
3469 3182
3488 9953
3545 9380
3553 518
3575 6048
3597 9844
3598 1649
3614 9826
3621 3971
3632 1686
3640 6688
3642 9112
3660 7179
3691 3740
3710 6304
3719 4625
3729 9439
3748 1519
3811 3498
3814 2424
3882 56
3883 6453
3905 768
3924 3212
3959 2013
4014 2832
4022 6196
4028 6240
4033 5395
4037 6994
4098 3184
4130 3742
4157 6989
4158 1262
4171 7246
4179 4718
4191 5723
4205 9459
4229 8630
4302 2830
4311 3575
4328 9874
4345 8701
4365 6239
4371 7760
4406 2967
4410 2017
4459 1831
4481 4517
4508 541
4529 4227
4533 9265
4557 2714
4589 3893
4596 4410
4608 2757
4655 2977
4655 8654
4687 7785
4714 576
4718 3269
4738 6204
4739 2030
4801 6738
4873 2860
4876 9924
4894 6555
4900 2490
4909 6745
4935 5919
4951 9424
4955 9368
4966 9614
4996 1977
5049 4511
5055 3983
5077 9224
5080 7353
5184 9247
5188 2842
5194 6004
5199 7654
5224 9812
5244 1172
5272 6581
5275 194
5276 3345
5311 8959
5390 4608
5400 9970
5421 9525
5433 5018
5441 4384
5539 2438
5577 591
5630 9448
5656 7181
5705 7763
5709 4004
5723 1381
5754 6603
5754 7336
5782 6799
5795 1276
5799 1790
5806 8783
5811 1709
5844 9693
5856 8959
5859 351
5882 7680
5902 1208
5911 7883
5916 8946
5930 8272
5945 6676
6004 2791
6014 2036
6066 4261
6066 7380
6098 1127
6148 8845
6173 4385
6196 385
6202 119
6222 3749
6235 1322
6240 3882
6248 8468
6255 5214
6259 7227
6283 8466
6299 1214
6299 7733
6302 6855
6310 2310
6328 1521
6341 4304
6346 9088
6355 6494
6383 2209
6419 43
6444 7240
6453 1049
6463 9570
6537 7089
6578 4335
6613 2976
6624 1322
6643 405
6657 9633
6659 7162
6705 6259
6746 2654
6797 2127
6822 9210
6828 7975
6836 4714
6862 3560
6894 8719
6909 8181
6928 9258
6963 262
7021 1743
7032 923
7051 5393
7053 9619
7061 6
7099 5414
7105 1784
7114 1838
7117 139
7137 3614
7168 7907
7182 2664
7204 918
7204 2899
7217 3001
7269 4699
7313 5942
7338 4157
7342 6869
7385 1418
7436 708
7436 3539
7441 2419
7464 543
7486 5384
7487 7840
7526 2842
7532 7760
7559 4039
7576 5978
7593 893
7622 5379
7720 5047
7724 2888
7729 369
7742 3375
7767 1988
7837 7649
7851 3193
7883 1696
7900 3207
7900 9683
7929 3335
7975 196
8013 6799
8030 1547
8046 1851
8063 2576
8082 2931
8108 2429
8115 2204
8117 5467
8128 5397
8196 3872
8197 4218
8237 5881
8242 6445
8242 7910
8283 8431
8285 1139
8298 2259
8302 3
8342 6875
8345 6379
8368 5602
8371 1140
8395 9758
8407 16
8410 4218
8451 1449
8484 2609
8520 1675
8525 8514
8541 9416
8551 7793
8561 339
8575 5139
8594 2854
8595 306
8616 676
8640 5019
8647 1616
8651 4069
8654 5738
8707 6813
8730 5038
8734 3765
8748 4519
8755 9343
8760 933
8763 7019
8778 3695
8787 6299
8791 3273
8801 5398
8807 2217
8831 9648
8861 7418
8892 1614
8897 195
8904 3087
8912 9013
8920 2366
8940 7096
8941 9590
8978 1622
8986 8797
8996 5184
9002 3665
9012 9805
9029 1985
9063 9912
9064 6882
9067 2773
9072 1139
9088 2420
9121 9476
9193 500
9235 9779
9261 8279
9265 3770
9265 8463
9274 8247
9274 9533
9280 9185
9318 3846
9327 7814
9344 9430
9347 3111
9376 7262
9384 6042
9388 6204
9390 2806
9395 1210
9418 2111
9451 6603
9453 5253
9532 4933
9533 3406
9534 285
9602 6565
9617 4730
9619 6988
9623 2106
9660 9304
9768 669
9786 2658
9789 2651
9794 6593
9813 40
9815 4607
9825 6096
9832 2718
9838 2569
9853 6963
9877 5315
9880 1622
9885 208
9909 4143
9928 8598
9932 2051
9952 7376
9993 7760
9998 9659
