4 7605
6 9355
11 3793
11 7701
12 4805
12 9953
16 9363
21 1433
42 2022
56 6419
67 1477
79 1686
92 5634
100 543
102 2490
110 8876
117 6882
120 2802
127 7464
143 833
157 9184
195 4366
281 8218
310 8805
314 6796
368 8975
380 8044
382 5820
391 8798
432 1913
436 127
440 443
447 8525
467 7753
469 6319
474 776
536 235
541 9293
561 4659
567 9591
569 9477
593 3132
593 5972
622 9341
628 7342
635 426
641 7742
650 4049
672 8054
719 5731
726 1411
747 9520
762 1726
787 7051
790 4403
830 7637
833 2097
839 8607
839 9588
840 5282
852 6408
894 4229
923 1049
923 3281
928 7484
930 3292
948 6691
961 7598
983 842
990 2608
1069 6132
1088 4655
1088 6861
1122 7500
1157 2243
1164 3724
1180 4223
1181 1765
1190 4966
1216 7636
1314 8120
1347 3030
1380 234
1396 7504
1456 992
1476 1864
1490 9348
1507 7496
1533 5722
1617 8564
1646 2154
1646 3433
1673 7507
1674 1165
1705 6003
1727 1083
1740 1800
1751 234
1761 69
1761 6911
1762 3498
1765 8677
1804 4362
1804 4664
1815 9424
1823 6228
1823 8990
1829 6309
1839 9835
1849 8898
1851 9281
1878 6295
1891 8211
1902 1404
1913 2133
1913 8383
1923 7362
1957 2944
1977 397
1977 7718
2026 57
2036 8931
2044 6822
2073 5398
2111 3985
2154 1707
2161 8288
2164 3236
2202 7190
2244 8783
2247 6953
2284 3191
2289 5965
2311 8747
2339 4807
2340 9032
2345 3136
2375 5357
2379 2543
2388 6861
2394 8317
2448 44
2471 9122
2502 2189
2534 1779
2577 9031
2586 3381
2621 2465
2662 922
2680 4612
2684 3189
2694 880
2730 8310
2760 6317
2764 7053
2792 7497
2806 6246
2809 8384
2842 6044
2850 3678
2860 9260
2862 3321
2942 5198
2947 1810
2959 8724
2962 4432
2971 7029
3008 6284
3030 132
3072 9462
3107 9258
3111 3484
3118 7706
3206 7313
3215 9603
3232 9401
3268 8016
3270 7624
3299 2055
3314 3225
3330 370
3364 4467
3398 5518
3418 8192
3421 8752
3424 8377
3424 8963
3428 5151
3505 4094
3523 9014
3531 7612
3614 9031
3623 8381
3653 4983
3665 6833
3772 7225
3773 7323
3786 5370
3802 9033
3808 8707
3878 4012
3919 4163
4022 1432
4028 9192
4054 5462
4083 341
4111 7821
4118 8120
4149 6484
4165 1624
4165 8658
4182 2944
4274 2752
4291 943
4291 9584
4321 644
4349 612
4384 1055
4419 3322
4426 4550
4437 2197
4453 5466
4457 2563
4467 6020
4470 4046
4530 8876
4553 1826
4576 5405
4625 6569
4631 933
4642 4097
4642 8020
4643 6113
4659 3490
4668 8130
4728 7232
4759 9363
4813 3165
4817 402
4819 9325
4824 3316
4840 6515
4872 9374
4933 9767
4938 9063
4951 212
4956 2108
4966 1899
4986 3138
5019 7464
5026 7805
5031 3830
5062 259
5064 2144
5077 1452
5109 149
5196 2343
5204 7472
5275 1714
5279 3122
5301 6208
5332 913
5335 3382
5345 4783
5353 3060
5384 9228
5421 6127
5426 6659
5503 5782
5508 9908
5550 8114
5559 7354
5561 9293
5565 6665
5577 4252
5590 1911
5602 3614
5602 8407
5607 9312
5711 359
5749 2502
5754 1018
5785 3007
5827 4801
5830 4054
5843 5375
5845 326
5864 9619
5880 8346
5911 640
5924 547
5945 5003
5945 8857
5952 7805
5953 1488
5957 3814
5957 4571
5967 9045
5997 8430
5998 9029
6000 8199
6027 8770
6042 4105
6057 7163
6060 842
6075 7617
6087 5805
6102 6471
6155 8931
6158 9938
6162 730
6188 5756
6208 6690
6228 4799
6260 3322
6287 9838
6303 5937
6345 6832
6348 4589
6383 1872
6396 7675
6413 5221
6424 887
6438 2395
6444 9659
6470 4229
6520 4252
6540 7417
6566 1839
6569 1670
6569 3805
6570 1633
6575 2464
6580 5330
6587 1038
6595 274
6603 5342
6640 8218
6654 9556
6678 5521
6696 8002
6706 5175
6721 5365
6745 9285
6746 4561
6754 1676
6765 506
6784 949
6801 5031
6821 8692
6880 101
6881 9719
6936 7825
6979 9774
6982 8634
6989 3396
6994 9644
7001 1544
7065 1877
7074 6262
7076 483
7090 1269
7105 5425
7107 8793
7142 205
7154 2588
7164 3467
7176 6627
7204 5659
7268 4859
7278 8400
7285 2262
7303 1716
7323 8937
7330 602
7343 5925
7457 4891
7463 1917
7472 9759
7480 7663
7487 6691
7487 9343
7493 6445
7504 2683
7535 7027
7544 3031
7558 7869
7597 2203
7611 9721
7621 7534
7624 8177
7643 7624
7654 4602
7718 1017
7720 4271
7722 2567
7742 4332
7769 3890
7770 2543
7793 2205
7800 448
7803 650
7825 8552
7827 2907
7827 9164
7848 9050
7857 474
7869 6293
7876 2811
7886 4170
7919 4816
7937 9263
7945 5148
7980 3278
8049 8120
8109 597
8180 6914
8197 9257
8210 2302
8229 9628
8252 2738
8300 1416
8332 1240
8371 8237
8401 1794
8413 299
8414 6541
8463 7240
8517 7897
8521 8797
8526 9561
8559 8395
8583 2820
8586 6454
8586 8168
8600 1794
8634 7955
8638 9339
8640 8424
8645 4678
8671 1560
8710 335
8724 734
8747 841
8789 7476
8807 5918
8810 1316
8817 8432
8832 4835
8837 5976
8876 27
8876 8972
8932 551
8932 7672
9005 6946
9031 9159
9061 322
9064 1476
9122 9204
9143 7180
9146 2017
9161 5508
9198 3184
9209 8741
9230 7874
9243 2935
9243 5363
9247 6788
9261 3926
9262 4073
9263 8295
9318 8008
9319 9335
9357 9933
9370 1805
9370 8843
9405 7820
9406 758
9421 6718
9456 1269
9457 5289
9468 7401
9477 5049
9517 8564
9521 6379
9566 1476
9585 4273
9641 5677
9715 1670
9762 8640
9779 1804
9844 3634
9859 82
9880 7623
9918 3205
9928 3363
9928 7859
9947 7801
9969 4452
9990 6758
