4 1272
64 9105
90 9383
108 4350
128 7112
132 291
140 1637
194 6883
200 7994
223 2284
245 9227
246 2996
307 235
326 2127
342 7374
367 8630
369 4467
462 8177
463 1958
480 1575
491 2168
523 484
575 3469
581 5591
618 899
654 7330
675 8577
687 3182
698 4697
726 9743
747 7915
766 5359
787 5164
808 9533
810 7313
828 4341
828 7015
829 1400
893 1215
915 7780
954 3504
973 8086
982 628
983 6950
1019 5232
1030 1430
1038 6382
1041 2391
1076 9318
1083 8819
1101 1050
1163 4718
1165 7575
1166 16
1187 1452
1197 9964
1202 9756
1228 6665
1237 9312
1267 6235
1269 9711
1272 5398
1276 4426
1296 9195
1326 8664
1395 9222
1397 3550
1406 424
1407 4395
1427 7899
1525 873
1563 7672
1579 387
1585 51
1600 8274
1618 2900
1642 9421
1656 6125
1663 3326
1664 6761
1672 3190
1705 9130
1723 9675
1726 3742
1762 1430
1774 1576
1777 2357
1778 6928
1791 1609
1834 9551
1911 4280
1977 4341
1996 2281
2025 9583
2070 8850
2092 3608
2104 5658
2136 8678
2145 6284
2194 5832
2197 553
2216 3447
2220 833
2227 9351
2253 2311
2253 7142
2279 3892
2314 4252
2317 2405
2321 9885
2324 7701
2380 3922
2382 4552
2398 7053
2400 6937
2405 2936
2449 662
2504 4994
2542 8103
2569 9318
2584 5600
2587 6734
2606 6162
2631 3218
2640 1366
2662 4582
2689 1628
2738 5109
2767 2539
2795 9345
2822 9759
2854 8402
2858 302
2877 7791
2890 6263
2895 7960
2899 9617
2930 4354
2935 4064
2965 4870
3002 5801
3072 6007
3083 8900
3092 2831
3101 3749
3120 2423
3163 177
3184 4723
3187 3713
3233 4985
3240 5304
3253 9940
3306 651
3308 9737
3374 6685
3387 9382
3395 4010
3424 4031
3438 6835
3461 4795
3462 4013
3480 9023
3539 4362
3546 4576
3555 9590
3578 9018
3579 4637
3598 462
3602 8303
3609 8281
3634 969
3639 7507
3670 6963
3676 3512
3697 3851
3700 4001
3702 7739
3715 5545
3754 6381
3778 1926
3793 1641
3805 4713
3808 575
3811 8580
3860 3189
3864 6471
3895 7010
3920 603
3942 751
3943 7162
3969 8451
4003 9002
4014 7024
4039 9820
4060 9161
4064 6406
4118 9396
4124 8346
4150 9985
4156 4361
4157 9661
4160 6314
4200 1838
4203 9904
4227 8384
4239 2578
4272 7739
4281 2131
4285 8993
4306 8114
4308 8240
4313 6847
4323 3311
4336 6652
4336 8234
4339 7401
4341 1889
4358 7901
4371 8943
4379 31
4390 7207
4425 6135
4443 7448
4456 4554
4465 8645
4470 9878
4475 7291
4499 5988
4509 7072
4515 7604
4532 7247
4550 3857
4554 6662
4561 3351
4576 3627
4608 2542
4608 4517
4629 3581
4657 8055
4699 8068
4728 3001
4739 6658
4809 2685
4813 9059
4815 6472
4817 8954
4826 3825
4831 7778
4887 6606
4892 6751
4908 1742
4910 3543
4919 281
4933 5925
4944 2946
4958 4676
4983 1452
5040 4585
5054 9249
5062 2929
5072 5421
5082 3029
5091 8514
5098 3411
5098 9577
5115 5157
5122 9364
5177 3212
5204 5545
5251 8664
5269 3482
5287 949
5312 2550
5337 1464
5367 3534
5378 7168
5379 7669
5382 3590
5430 7544
5443 9064
5445 500
5543 3695
5546 4059
5550 7247
5552 9580
5597 5017
5611 1921
5632 4919
5672 6627
5673 7221
5689 7128
5689 7984
5739 9307
5742 5666
5745 57
5756 2030
5759 3741
5784 750
5785 9334
5786 5303
5797 8524
5799 4553
5824 5376
5918 6208
5957 7077
5965 2984
5966 6188
6023 2583
6036 7529
6092 9632
6093 4787
6132 2013
6175 3986
6193 6415
6231 4679
6231 5913
6246 6774
6258 283
6259 2890
6259 7472
6262 5368
6273 5101
6286 2047
6289 9159
6304 4458
6338 9629
6382 4941
6396 1311
6445 612
6445 6994
6446 4781
6470 1969
6470 2766
6474 3319
6477 3236
6504 9594
6537 1969
6538 7100
6562 4691
6570 3881
6571 1933
6612 1598
6632 1756
6674 1843
6679 6146
6680 2609
6680 4114
6685 516
6688 1187
6723 6646
6726 5616
6741 3955
6743 2355
6755 5018
6767 9987
6796 9578
6825 2509
6868 9743
6887 9251
6930 3593
7001 1159
7023 44
7143 8890
7154 5063
7154 7038
7165 4388
7195 7874
7217 2567
7223 829
7235 7258
7326 2493
7337 2464
7338 9075
7357 8189
7379 5636
7391 241
7425 2427
7442 6559
7454 6440
7493 6997
7496 4375
7551 7195
7563 7002
7575 1308
7582 1099
7605 1759
7638 1389
7680 5846
7716 8758
7739 4961
7759 811
7765 4539
7882 4124
7917 2504
7932 627
7932 2471
7947 196
7963 2820
7972 8354
7995 1999
8004 2872
8047 927
8062 6261
8083 8653
8084 904
8086 1737
8089 4150
8103 9055
8104 9939
8136 1709
8218 6179
8224 9681
8231 8578
8235 3689
8241 5060
8310 3227
8311 9847
8317 7627
8338 1845
8387 1579
8401 81
8409 3474
8417 9039
8454 7672
8464 8895
8484 9241
8532 4995
8552 4101
8566 1259
8614 246
8644 6303
8665 3380
8675 7434
8711 1458
8711 9319
8715 9097
8763 3793
8769 8631
8837 6525
8870 4821
8899 2776
8899 7099
8906 9704
8940 5098
8966 142
8967 8806
8968 8207
8973 9382
8979 3911
8984 2202
8988 8026
8990 1525
9000 8751
9032 9075
9048 5320
9055 3550
9075 419
9082 1990
9091 8255
9110 9696
9120 5256
9145 7344
9213 4452
9213 9373
9258 6946
9263 8504
9284 1726
9298 9619
9312 1827
9313 8972
9322 8311
9355 8861
9370 3363
9380 9979
9418 573
9476 9352
9480 1151
9583 574
9597 4001
9621 7679
9674 2213
9682 7243
9686 7733
9695 1230
9715 8564
9719 2960
9722 6156
9756 6841
9774 3685
9788 3597
9796 3223
9802 9689
9832 4552
9848 3447
9852 7013
9914 2655
9923 8751
9948 5742
9978 3416
9985 400
