69 1201
84 5753
98 7584
154 4767
154 7765
161 3966
182 2094
188 672
188 1354
198 4606
241 6962
281 7790
293 6104
301 7719
304 4777
364 969
366 2042
377 3283
381 4456
401 4509
410 1485
447 928
569 2747
579 9275
594 1846
640 241
652 7559
672 4072
727 9304
835 9239
877 8765
884 4668
894 6334
904 7937
912 3118
915 8113
923 6216
963 7991
967 6453
976 7440
990 1940
1005 672
1038 8665
1070 9124
1081 1906
1132 4270
1141 2602
1158 8765
1205 2737
1215 9152
1232 1320
1310 9936
1311 4094
1326 1629
1357 3381
1374 3380
1376 9393
1380 8373
1418 3060
1435 4243
1449 6295
1452 8511
1478 9740
1502 9724
1507 5636
1511 4967
1558 1671
1579 6002
1582 7780
1584 9583
1593 6796
1622 3722
1638 3523
1649 3909
1673 432
1735 274
1748 6577
1763 513
1776 5232
1779 6014
1783 6980
1809 3156
1826 7827
1866 8624
1881 1210
1895 8838
1936 2743
1956 3621
1965 9741
2013 5613
2031 2738
2038 810
2043 1547
2055 671
2062 812
2062 3798
2099 3873
2127 9122
2140 4294
2184 2053
2189 9171
2201 9343
2216 9208
2222 9627
2254 9018
2255 178
2289 8872
2345 2186
2374 6505
2399 3591
2429 4028
2447 1914
2448 3588
2457 4519
2483 6225
2484 3337
2489 1480
2503 405
2509 6928
2535 5106
2562 9281
2578 3478
2609 5957
2625 4168
2649 1192
2653 3597
2656 1931
2665 5305
2665 8615
2694 6007
2714 8340
2714 9039
2717 4597
2725 2279
2745 6419
2747 1005
2765 3838
2768 4337
2773 5550
2788 6542
2815 8616
2853 1915
2899 873
2923 5849
2923 8205
2955 7451
3036 7162
3070 1101
3090 4530
3101 9593
3122 1172
3136 4678
3166 6102
3184 6616
3188 940
3195 2717
3203 1839
3231 3601
3249 3410
3285 4365
3299 1988
3304 6952
3311 8413
3312 3717
3332 8005
3338 5686
3351 9061
3357 2574
3379 3246
3380 4586
3429 7484
3449 2813
3456 8926
3464 9576
3482 8879
3513 4790
3523 531
3534 2612
3548 1094
3604 7243
3610 1877
3629 7800
3648 5931
3653 572
3670 7748
3698 6924
3711 3398
3719 9193
3769 9206
3787 4628
3791 2776
3850 9183
3851 667
3882 586
3888 4538
3889 12
3975 9180
3980 1637
3987 9894
3995 8998
4033 2035
4070 9657
4073 2402
4098 7471
4106 4880
4169 6387
4181 7953
4189 5338
4197 374
4204 1185
4213 9986
4241 2397
4270 2640
4316 5571
4335 3118
4337 3392
4365 7532
4367 8116
4385 9495
4403 8727
4452 7031
4475 9953
4515 2431
4532 9525
4537 1320
4555 3827
4599 5268
4654 887
4688 8624
4720 4471
4728 6980
4742 520
4765 551
4775 7186
4785 7717
4788 8810
4797 2018
4798 6473
4813 1396
4825 5653
4825 7454
4863 2466
4875 374
4945 5173
4961 824
4992 9314
5000 5585
5016 9006
5020 6453
5082 3805
5098 771
5157 9520
5192 7388
5232 2181
5251 4811
5278 3830
5282 1656
5309 2681
5354 105
5382 5646
5412 5591
5431 615
5432 2070
5441 7370
5443 8178
5448 7042
5486 1638
5492 1282
5495 3134
5571 3817
5602 8237
5627 8388
5649 6410
5668 3986
5686 6836
5726 6666
5799 2144
5811 6880
5816 2227
5830 5654
5855 7496
5856 5691
5893 6
5902 335
5927 5704
5965 712
5971 6914
6025 9453
6094 9
6129 671
6139 3169
6139 4799
6144 8117
6175 8568
6188 7001
6193 4680
6210 4772
6215 355
6215 8464
6216 4767
6227 9731
6232 5503
6239 696
6262 7900
6276 3271
6287 9662
6290 8530
6328 3001
6341 7777
6347 2592
6381 1700
6424 6554
6470 8055
6473 434
6492 224
6495 9722
6508 3488
6508 4452
6508 6259
6524 3795
6529 7761
6540 511
6554 9827
6555 7767
6595 5952
6692 1968
6738 3689
6739 9754
6740 594
6745 9993
6765 4709
6787 7016
6793 4765
6793 7118
6835 8969
6850 1395
6859 2178
6875 193
6881 1893
6883 3668
6938 3300
6943 9998
6982 6807
6991 7635
7074 6239
7081 1740
7082 8584
7084 8574
7090 8956
7094 9953
7110 8992
7129 8304
7148 4159
7168 7581
7174 5919
7195 6135
7224 4189
7224 5988
7233 8591
7240 1649
7298 2649
7308 2119
7311 1103
7323 9321
7327 4724
7342 8489
7346 2854
7379 7363
7427 3825
7487 9884
7494 8290
7499 7742
7514 7042
7518 8445
7529 5422
7551 2083
7559 6950
7591 536
7609 6244
7676 480
7680 1805
7684 7496
7733 575
7748 6877
7779 3938
7779 7028
7794 2127
7798 2842
7800 2571
7821 9159
7822 3470
7836 2376
7844 352
7851 5569
7852 7792
7875 190
7960 6227
7973 6678
7980 9257
7996 4672
8012 3156
8060 5127
8079 8944
8082 7353
8149 6813
8189 7852
8213 6694
8235 4368
8247 3671
8260 5858
8272 7494
8278 1373
8308 3321
8312 8736
8324 9247
8359 9327
8360 5744
8388 2624
8431 670
8436 9880
8453 8751
8470 2547
8512 3697
8514 3966
8518 6463
8549 414
8598 6960
8638 7857
8640 742
8651 4169
8724 5295
8739 6164
8741 2845
8807 2095
8829 4639
8845 6946
8853 2942
8861 5337
8875 3548
8880 1441
8889 5300
8944 1051
8961 3021
8994 49
9007 1904
9008 9117
9023 8313
9025 6803
9034 1800
9039 5769
9042 2819
9082 4599
9130 6520
9139 3030
9164 9709
9167 1953
9185 5590
9207 236
9211 666
9222 361
9224 6209
9239 6154
9278 1303
9293 6656
9302 1098
9302 2936
9320 9916
9335 9471
9348 6663
9354 7659
9382 259
9388 7823
9398 6833
9421 9200
9453 9772
9468 1185
9476 457
9482 7415
9549 8861
9577 9110
9580 3867
9582 5382
9598 8698
9670 626
9681 7788
9682 5067
9695 1269
9701 753
9701 9622
9722 7448
9742 2191
9762 6723
9779 7559
9835 5273
9851 8193
9894 3330
9914 4976
9939 1112
9953 5792
9955 3269
