9 5870
22 7418
26 7299
27 1919
53 1507
100 1326
100 8565
120 8937
139 9258
143 8857
147 3244
148 9912
160 5727
186 5586
191 9933
212 9703
230 3536
272 359
274 3393
294 1120
312 8701
340 7691
390 1347
391 3444
414 1733
415 928
430 1165
430 7565
447 9827
450 7591
468 1329
469 9786
476 5089
483 4011
487 6296
500 9321
532 399
537 5838
547 5590
554 8850
621 7796
659 216
666 695
680 887
712 4028
720 5293
771 869
778 6578
782 4465
782 8525
785 4738
807 5931
828 2839
829 9080
836 5998
848 9835
863 4540
884 3206
921 5903
926 4672
930 2967
935 2806
945 6706
949 138
959 4228
967 6271
1001 4929
1007 8165
1017 6249
1018 1529
1039 7850
1080 3695
1119 7533
1140 1672
1168 1411
1187 1944
1233 6975
1262 8084
1276 873
1310 8571
1334 5063
1346 9482
1381 9309
1430 5942
1442 543
1463 714
1478 6169
1506 5132
1544 8984
1554 2937
1562 852
1563 7990
1575 930
1575 2599
1578 497
1696 1269
1716 6276
1729 6549
1772 3432
1773 6155
1785 4526
1788 5453
1790 307
1811 3621
1821 4517
1829 8498
1874 9005
1913 4098
1972 9061
1976 4996
1987 6787
1990 9751
2003 6132
2008 2200
2034 1259
2053 5911
2061 7897
2083 2394
2092 2768
2092 6020
2093 5431
2100 836
2117 8811
2145 3377
2179 1445
2209 6938
2215 9162
2225 2870
2243 9855
2304 2910
2320 2937
2336 9225
2339 6454
2374 770
2390 4529
2402 931
2423 8987
2486 4306
2493 3672
2500 5871
2502 5162
2505 6346
2514 2125
2558 4003
2567 8283
2576 3495
2612 7804
2718 9123
2727 2156
2731 5126
2733 1422
2748 7721
2768 5926
2812 4106
2813 2218
2817 8524
2819 1833
2825 5782
2828 7785
2832 8418
2839 7178
2872 4385
2877 8343
2930 2479
2952 1124
3002 6880
3003 2191
3019 1053
3022 4509
3026 7284
3034 7239
3081 307
3111 8265
3114 8213
3196 9455
3205 2000
3224 8948
3231 7715
3255 8897
3269 4757
3289 6836
3298 8562
3308 9095
3312 2736
3368 9840
3431 3305
3434 1197
3446 9903
3475 1694
3518 3240
3548 8987
3576 1990
3604 6866
3610 1538
3613 1103
3631 5799
3637 3203
3667 9641
3671 4675
3698 1763
3700 7951
3713 3779
3714 1238
3732 5565
3748 4529
3760 3329
3769 6750
3822 7636
3827 3550
3846 19
3860 2431
3869 687
3871 926
3915 3036
3918 6713
3944 36
3995 1175
4065 6711
4072 9517
4082 1926
4088 8962
4114 2111
4114 3730
4150 1579
4154 3014
4171 6002
4203 248
4229 6370
4269 1536
4286 110
4320 6792
4321 4454
4328 5518
4332 8930
4343 5330
4354 7053
4426 2601
4524 3267
4526 6765
4680 3760
4683 3255
4686 8430
4693 2549
4709 5451
4714 6688
4722 8530
4726 281
4730 3159
4744 270
4753 7239
4781 4640
4793 6828
4805 1811
4813 7842
4833 2116
4859 6442
4888 5728
4910 8130
4919 513
4957 6735
4974 34
4996 6577
5045 1310
5049 82
5072 5199
5088 1125
5092 3164
5133 2496
5143 1258
5159 2599
5170 1674
5172 7403
5203 2181
5219 1125
5269 2220
5293 7647
5384 9941
5427 8566
5430 1125
5437 5754
5470 621
5508 3749
5508 9706
5527 1027
5552 5495
5555 8111
5558 3656
5558 5234
5590 6
5590 9904
5596 3447
5596 9842
5630 2972
5633 6566
5635 3022
5676 9143
5721 2942
5722 4134
5750 4807
5795 6066
5803 3676
5804 1489
5827 7239
5859 3289
5912 5911
5916 1233
5928 658
5938 9906
5956 6619
5957 3020
5958 1698
5961 2334
6025 4808
6066 8142
6104 8006
6124 969
6125 7820
6126 1704
6166 9562
6193 5766
6201 8933
6229 492
6239 2960
6263 2562
6284 6307
6292 4686
6302 6124
6304 6492
6317 3648
6318 549
6333 7796
6355 5922
6401 5300
6442 9389
6445 3484
6514 8401
6586 9325
6596 6
6603 71
6604 2121
6643 8168
6650 2152
6688 2534
6688 8787
6722 7247
6748 2489
6748 4938
6754 4697
6803 9749
6836 1487
6853 3775
6908 3242
6940 5016
6964 5016
7010 5998
7077 57
7094 7496
7105 4899
7127 8723
7129 1646
7131 1552
7165 5054
7175 4065
7178 5945
7182 5345
7193 1297
7252 434
7256 7216
7323 2034
7357 2915
7376 6032
7394 2730
7462 8407
7490 506
7499 609
7534 6126
7571 8090
7590 3449
7622 5408
7636 3836
7663 1520
7672 747
7680 6238
7698 1560
7708 8009
7717 4530
7718 5443
7726 8578
7760 8715
7770 3095
7774 1503
7778 8960
7782 8897
7835 2649
7847 9697
7885 8888
7886 8947
7887 2304
7900 6458
7951 1178
7953 9364
7955 4532
7970 5046
8025 7244
8045 2359
8047 6381
8049 235
8109 8359
8119 1660
8128 2959
8136 811
8210 6249
8214 6936
8230 5203
8237 8551
8244 8559
8260 4787
8272 1271
8279 4127
8281 4589
8295 1579
8297 9593
8343 8105
8347 8155
8453 1891
8504 9008
8524 7988
8571 1848
8586 487
8606 7260
8611 2251
8611 7180
8660 3967
8727 5571
8749 7394
8805 3917
8806 178
8832 2028
8850 5736
8857 8250
8879 7463
8883 1038
8888 926
8888 3291
8889 6106
8898 703
8915 6553
8953 7357
9012 4285
9018 967
9029 590
9052 7861
9053 7107
9064 1312
9066 7853
9108 8586
9112 4280
9113 3660
9117 8686
9158 786
9163 4973
9185 314
9198 3730
9235 4958
9249 5276
9275 9546
9278 4899
9290 1432
9333 4546
9352 4229
9388 1936
9405 7945
9419 4804
9450 2370
9532 3727
9532 6751
9551 5388
9562 1404
9562 5295
9622 7393
9627 1418
9636 6214
9653 7551
9666 1779
9684 6529
9689 5055
9735 3669
9743 9756
9762 3368
9788 940
9800 6593
9805 8090
9818 146
9818 990
9827 5537
9859 7076
9885 3552
9932 1354
9981 194
9993 2707
