2 2156
6 6801
10 2411
26 1819
35 3488
54 6933
58 3740
77 9912
81 8936
94 1357
127 5550
132 1823
157 8259
167 4288
174 2423
176 2974
186 8748
205 4899
219 2429
236 9531
237 7041
295 2069
295 8182
302 4759
311 7176
339 4100
379 4662
391 3402
448 4994
474 4241
477 358
484 7360
505 1413
553 9063
573 1316
588 6748
595 8123
615 5065
641 9706
658 593
666 1495
696 3008
750 3895
760 973
768 5722
776 7736
782 6760
813 7955
838 2122
841 4019
878 8867
898 2743
924 8006
948 4072
957 3997
990 4455
1008 9363
1019 5510
1024 8802
1028 6310
1056 2722
1056 8644
1103 7128
1127 8568
1164 3697
1168 5724
1201 4767
1228 3676
1240 7748
1269 6815
1375 6737
1397 5313
1532 6293
1541 2623
1552 5911
1567 2733
1589 6828
1600 2644
1605 3642
1616 6292
1635 2696
1641 5089
1674 1054
1761 5390
1771 1669
1797 1236
1797 2884
1817 295
1820 1707
1826 3063
1845 7482
1957 2632
1964 4514
1988 4846
1996 1542
2013 4919
2020 4179
2047 6290
2068 8594
2077 9637
2141 1765
2191 2232
2194 2897
2244 253
2255 1055
2257 7861
2278 4344
2314 4831
2327 7737
2431 3118
2437 822
2463 4716
2479 3423
2484 9172
2484 9877
2492 4942
2542 3407
2543 427
2543 3430
2558 6047
2584 1690
2604 6152
2614 8993
2640 1746
2680 2645
2696 1014
2705 6551
2755 2935
2764 4384
2815 10
2829 3629
2872 8638
2883 6186
2916 5432
2922 5764
2929 997
2944 9717
2964 2736
3022 3727
3057 312
3063 8082
3075 6737
3075 8478
3089 2390
3090 1381
3112 9069
3144 9230
3166 7101
3220 3046
3223 5208
3233 7378
3270 6119
3279 7998
3325 8962
3332 3289
3344 7195
3345 835
3346 4149
3348 1795
3358 1823
3368 3989
3377 6765
3381 9835
3421 7730
3445 1201
3464 2486
3464 3132
3471 4046
3509 9103
3510 7131
3545 2714
3577 3088
3590 7164
3628 5775
3634 810
3642 2038
3668 554
3669 8741
3746 2677
3770 1720
3805 3020
3827 5067
3851 955
3858 127
3882 8897
3939 747
3942 1965
3942 2341
3955 8673
3959 2017
3973 5948
3977 1086
4019 7915
4056 2498
4089 297
4096 1617
4148 4899
4149 2099
4152 553
4163 1130
4176 2156
4183 3187
4223 3302
4257 3402
4257 7815
4271 2731
4278 9279
4329 5957
4335 8165
4336 281
4343 2572
4356 6637
4368 9312
4395 3836
4395 7197
4428 3059
4444 5289
4454 7825
4462 7800
4481 2697
4495 4453
4499 1334
4517 6412
4533 7825
4544 6020
4545 8044
4559 7532
4577 2448
4599 883
4602 5458
4641 1511
4642 1977
4643 5041
4713 7937
4717 7972
4718 7617
4738 6039
4749 711
4758 5109
4777 9204
4781 8205
4830 6722
4835 5436
4863 1389
4892 3270
4899 8009
4943 5244
4957 9328
4990 8582
4995 4138
5001 3
5003 391
5015 8701
5028 2251
5040 2779
5086 9979
5091 8212
5108 6152
5109 609
5164 285
5267 2653
5306 2072
5311 9034
5337 4559
5359 4676
5359 7929
5382 4288
5392 2194
5422 7822
5443 9666
5445 6145
5465 4560
5506 673
5520 5905
5550 3478
5573 2542
5577 2242
5595 4967
5612 5764
5620 368
5632 2356
5646 5043
5675 8675
5677 7282
5696 3793
5716 6850
5742 4587
5751 5045
5769 3326
5803 3046
5811 3358
5824 5906
5847 2942
5864 9005
5864 9847
5875 8848
5883 4641
5924 8993
5925 5797
5934 770
5960 1657
5960 1902
6004 2020
6021 9674
6028 9520
6032 8413
6042 2640
6059 367
6119 4945
6126 5021
6153 2955
6169 7875
6182 5428
6206 7857
6217 817
6221 8637
6226 1833
6234 8390
6239 9787
6260 5749
6287 1839
6292 9143
6346 5196
6347 7604
6357 3834
6383 1673
6390 2950
6414 9602
6414 9928
6427 5539
6445 802
6453 9700
6471 2302
6481 4364
6504 2473
6517 1976
6540 8887
6553 6283
6574 842
6582 4687
6591 8944
6662 1462
6676 4467
6680 8861
6700 9992
6749 9832
6751 2099
6773 970
6787 6690
6829 9280
6842 4206
6869 6823
6895 7544
6982 6023
6995 3476
6997 5263
7001 8415
7033 4404
7039 8845
7058 2696
7099 3292
7106 5291
7115 2271
7162 6525
7180 983
7216 6638
7220 7622
7251 8857
7308 763
7311 253
7344 6758
7354 2782
7383 487
7484 3539
7511 3729
7529 1847
7558 7925
7612 4663
7633 6540
7635 991
7636 2131
7663 2923
7695 1914
7702 8843
7712 3711
7725 4031
7726 7229
7742 7622
7763 3986
7779 3979
7785 845
7792 2028
7798 3754
7801 6650
7821 11
7851 8828
7857 9445
7859 4859
7861 1751
7874 1493
7910 7220
7939 454
7953 1684
7960 8345
7971 1090
7975 4360
7979 2684
7979 9942
7994 9229
8022 7663
8080 8992
8092 7840
8106 1919
8130 443
8142 1081
8146 1860
8190 2320
8193 5605
8229 9363
8260 7490
8261 8388
8272 1028
8274 138
8303 9435
8308 8042
8337 2587
8383 5607
8387 4951
8402 4787
8466 4788
8471 4176
8538 7504
8548 469
8571 7044
8580 7891
8612 6246
8627 4406
8642 5514
8680 8791
8692 7223
8701 5607
8715 138
8805 7443
8837 3
8888 2956
8890 4274
8906 9134
8920 1031
8933 9570
8969 5026
8975 3788
9000 8278
9011 4860
9021 576
9023 6483
9034 7286
9050 8168
9051 4577
9056 5157
9086 9679
9091 3418
9145 1638
9146 3872
9180 6285
9182 9366
9192 7246
9210 4876
9213 2418
9239 9648
9244 12
9321 2376
9363 8309
9364 8429
9376 2656
9406 3053
9445 4157
9483 2761
9495 7448
9553 5272
9556 2249
9563 9335
9585 9081
9588 890
9593 9647
9611 7638
9636 1594
9661 8393
9666 2767
9711 6807
9734 7570
9741 554
9743 976
9751 5269
9842 5225
9843 282
9884 5892
9903 9117
9938 7435
9950 6843
9959 409
