11 6737
12 7388
21 367
35 2428
36 2677
43 9330
90 5063
100 3189
102 8119
120 2731
150 5505
175 1014
194 6002
237 8857
286 7784
312 9550
321 7343
354 8875
357 8010
359 9343
361 6413
430 2240
480 4275
518 2789
520 8853
527 661
551 7591
553 7075
590 9928
605 4655
615 7385
621 3387
628 5988
653 7629
676 4209
692 8176
712 906
712 1677
748 1846
753 5044
821 8564
868 8152
876 4703
899 5419
906 6856
922 5880
931 906
956 7902
957 9916
961 6357
963 5004
967 6992
976 3793
992 6416
995 6694
1008 94
1014 7298
1044 2505
1056 7037
1074 9438
1098 2956
1098 7031
1103 6700
1114 2854
1188 4582
1204 6061
1216 9559
1232 4049
1260 346
1299 3227
1308 9441
1326 9384
1381 3179
1432 3939
1463 8513
1478 1938
1498 4452
1508 5452
1508 7216
1508 9864
1516 2255
1540 770
1556 824
1580 5898
1591 281
1622 5650
1633 2994
1633 6196
1690 1178
1700 3312
1705 5033
1716 2826
1751 9921
1787 9340
1804 812
1805 3006
1813 6709
1821 7876
1834 6878
1838 9186
1854 1487
1882 7816
1915 2773
1919 2223
1944 8123
1948 2355
1956 6812
1965 1058
1980 5070
2006 4580
2012 665
2030 7155
2093 1845
2111 1551
2136 1294
2150 4925
2151 2425
2161 8628
2164 2761
2200 2829
2210 8643
2223 1223
2232 4990
2237 1626
2246 6694
2252 5243
2273 6019
2304 8889
2316 1616
2322 2891
2322 3024
2329 2404
2396 4497
2429 5885
2484 7859
2494 3772
2500 5798
2549 321
2562 1769
2587 5302
2600 1963
2630 7802
2635 7162
2659 8387
2662 5745
2694 2451
2707 8915
2731 2278
2738 3723
2757 4704
2796 201
2802 5600
2819 6348
2836 341
2841 5712
2907 5864
2909 5742
2913 8730
2929 5054
2942 2226
2947 3056
2959 1051
2995 4875
3040 6704
3070 1467
3089 2862
3105 7023
3144 3487
3154 7318
3163 8987
3169 12
3174 9908
3227 7258
3246 336
3278 1177
3281 4285
3293 9152
3297 2637
3338 2395
3351 8709
3352 733
3352 9979
3361 149
3401 371
3414 2681
3427 6701
3435 3533
3444 7662
3469 5223
3470 1576
3500 3558
3502 6439
3523 5315
3546 6108
3552 6341
3624 2184
3634 159
3642 5883
3648 3057
3668 9172
3699 9943
3724 2500
3728 8441
3851 8610
3856 9737
3868 3035
3877 5647
3878 6414
3896 845
3941 1575
3985 520
4017 7339
4051 7750
4065 6363
4101 5322
4111 3975
4142 4540
4148 1628
4197 170
4285 5743
4285 8555
4291 563
4304 3081
4315 2928
4324 6
4334 1820
4334 5785
4345 2736
4348 9667
4368 2944
4372 5738
4373 5797
4379 1912
4390 4261
4437 9265
4489 7464
4509 2018
4564 7435
4590 2543
4596 5441
4596 9157
4612 4798
4655 3846
4672 102
4673 4969
4673 6505
4705 7313
4716 8301
4739 1210
4773 7543
4781 1913
4797 5911
4819 6025
4863 5313
4872 6240
4893 9881
4910 6717
4978 840
4980 2765
5000 1407
5021 1525
5055 7400
5065 3282
5086 7817
5118 1784
5134 4700
5146 7418
5173 5925
5209 157
5225 7586
5248 5928
5287 5443
5289 110
5357 2006
5364 4818
5377 82
5397 6506
5421 427
5437 1457
5462 6424
5467 9846
5470 220
5474 5062
5506 1949
5522 4455
5565 2783
5600 1000
5666 8515
5675 3895
5767 6835
5784 1795
5847 7494
5926 1638
5926 7815
5938 495
5948 5313
5965 2908
5969 1347
5985 7571
5997 3060
6023 6286
6027 3667
6044 2375
6060 7458
6161 6752
6169 7548
6219 9772
6244 7486
6281 3314
6286 7174
6307 7360
6314 3500
6318 5410
6371 8068
6408 2104
6416 9624
6458 3518
6462 414
6463 3228
6525 8247
6533 4360
6544 4210
6559 2463
6633 3875
6645 7558
6673 174
6673 1493
6679 298
6685 2840
6718 3878
6750 1457
6761 7185
6763 3630
6773 7439
6773 9195
6785 8750
6855 5168
6875 1125
6901 8734
6938 1784
6953 428
6955 1080
7003 2021
7010 7891
7036 8824
7041 7388
7051 2203
7052 5659
7081 3344
7090 6235
7103 1541
7103 4979
7154 6284
7163 2896
7203 2907
7226 49
7234 6946
7239 6259
7249 5494
7284 2642
7297 153
7307 9139
7313 3002
7417 5612
7418 8877
7452 730
7452 2145
7466 9271
7474 7149
7477 5234
7505 5741
7558 3502
7578 6803
7604 2604
7630 1812
7708 5372
7719 7656
7720 4813
7746 8594
7753 6442
7774 4533
7804 8115
7817 2791
7825 1114
7871 6953
7885 8045
7902 2486
7915 1373
7917 6914
7961 6752
7963 5180
7965 4420
7982 3639
7990 1827
8003 7288
8005 7664
8013 5590
8056 2141
8058 9339
8111 8995
8112 5653
8122 5115
8133 7858
8176 4004
8184 7392
8193 7175
8201 2289
8212 1565
8244 2010
8286 9908
8289 9611
8332 5555
8334 354
8371 4992
8387 3903
8388 2334
8409 394
8422 849
8451 8897
8505 7974
8541 2813
8548 6006
8549 4999
8555 6225
8583 9518
8611 8947
8612 7303
8615 6252
8659 8610
8686 1258
8686 2743
8736 867
8749 5320
8755 5524
8797 8811
8805 9750
8829 1175
8846 3579
8856 6136
8894 6520
8900 6914
8909 1373
8941 4788
8958 2043
8975 1308
8996 3772
9007 6484
9007 6681
9024 8271
9039 7715
9046 3225
9060 7995
9088 3278
9134 6726
9144 9983
9161 6740
9228 3166
9235 5542
9247 8738
9328 7440
9337 9754
9339 1213
9348 8308
9348 8953
9362 8115
9364 179
9374 7798
9416 3697
9448 7240
9464 9953
9477 3166
9492 948
9495 8289
9499 940
9520 385
9538 1576
9549 1374
9555 9451
9557 2615
9560 4159
9575 1357
9614 7459
9625 9067
9636 6122
9661 5574
9715 9065
9720 7101
9759 8138
9776 5225
9802 3271
9826 9257
9840 4821
9870 5640
9902 4272
9908 5732
9908 6681
9960 7881
9961 8933
9971 5574
9987 2707
