16 1160
57 4731
57 9351
87 5813
147 8209
192 3101
194 6933
220 757
225 6898
248 644
282 652
282 8000
302 2428
338 6401
355 8956
356 6353
412 7548
419 854
454 61
515 7758
520 7806
521 829
540 9611
553 1389
553 3322
572 8990
646 8540
718 463
760 7657
767 8646
800 3744
808 8171
811 8655
835 8303
869 3825
886 9111
887 5301
888 3967
905 7838
948 5064
959 2992
994 6890
1028 574
1031 2066
1048 3258
1054 1710
1103 7023
1114 2375
1114 7212
1120 497
1121 4291
1141 2104
1163 8390
1184 1795
1188 4726
1188 7591
1236 6094
1254 5930
1257 8310
1277 2542
1278 1268
1324 4153
1326 5300
1354 5673
1359 4286
1406 5847
1493 8671
1498 1794
1514 5098
1521 4250
1522 7142
1585 3864
1596 405
1649 8168
1656 2629
1661 6234
1676 4675
1722 4063
1735 7221
1756 9106
1772 3302
1794 2361
1892 7520
1895 1727
1932 6035
1944 3073
1965 7534
1977 8667
1987 2466
1988 4935
2010 1432
2115 5966
2118 7624
2136 992
2156 2837
2178 1656
2201 3412
2220 6255
2235 6369
2242 1080
2269 4049
2334 2971
2358 1421
2372 745
2374 2643
2379 3575
2388 3240
2395 1063
2405 5698
2405 6841
2425 377
2429 414
2471 3637
2498 3071
2502 4663
2562 7504
2586 4967
2655 9763
2661 5110
2665 1739
2679 1942
2684 9161
2692 3663
2694 8286
2694 8610
2717 5132
2731 302
2789 4919
2792 8334
2841 6260
2853 2406
2865 7023
2896 5173
2944 1103
2974 9117
3020 355
3028 7459
3029 7623
3040 5532
3046 7000
3060 424
3068 2915
3068 9274
3085 8006
3090 298
3105 4127
3111 1723
3134 6391
3136 8366
3166 9578
3199 1443
3203 3851
3212 8582
3219 8799
3247 633
3257 2657
3267 53
3273 301
3273 3036
3278 3311
3294 6754
3306 8917
3308 6613
3355 3380
3361 2181
3379 6310
3397 5425
3401 2594
3402 3877
3462 1359
3471 4919
3488 6847
3505 4045
3542 8388
3601 7852
3621 8011
3623 7247
3630 6450
3632 9069
3637 552
3642 4241
3647 5931
3656 869
3671 9038
3675 4043
3689 1614
3690 6792
3699 1493
3700 7452
3725 5564
3728 5689
3728 9320
3746 868
3770 523
3788 4049
3788 8484
3789 7518
3812 6409
3842 6527
3853 3374
3869 4382
3875 8513
3877 5092
3893 4537
3905 1329
3967 7476
3983 911
4023 8888
4064 2419
4088 3329
4102 2024
4103 9968
4152 5652
4196 4798
4197 1132
4205 7944
4240 5926
4243 9855
4285 8547
4313 813
4329 8800
4362 4508
4368 2226
4377 3733
4385 4550
4408 4811
4410 3746
4433 6215
4444 3588
4467 2666
4520 1987
4527 7309
4539 3773
4612 9018
4687 8350
4697 9114
4704 0
4759 6953
4765 9902
4776 5985
4803 4111
4815 9088
4822 3191
4913 5300
4919 8167
4942 2644
4958 5289
4980 8090
4986 6682
4990 3555
4993 4730
5021 7416
5031 5663
5043 9499
5058 4388
5064 1670
5065 7617
5130 1493
5148 7782
5148 9172
5159 8665
5171 3917
5188 2667
5194 8009
5236 2635
5248 7193
5249 808
5267 3014
5275 4384
5275 6632
5364 8106
5390 8407
5393 6226
5405 2398
5426 1389
5443 8134
5494 3610
5508 9771
5517 9659
5518 7125
5557 5358
5572 1254
5578 4335
5586 4432
5587 7990
5601 1702
5605 7886
5607 7565
5614 3753
5636 9941
5656 3278
5676 1487
5726 9334
5769 3880
5799 9034
5811 5204
5843 2246
5885 6281
5897 477
5906 9380
5910 5291
5922 4527
5924 990
5927 499
5931 1935
5985 915
6000 7326
6003 3513
6014 923
6060 863
6090 6559
6145 3905
6161 11
6188 3081
6204 1372
6219 8962
6239 1375
6241 7114
6252 9318
6290 5985
6364 4344
6387 3220
6414 4678
6474 2068
6495 4239
6497 6839
6502 5168
6524 876
6525 7803
6554 8309
6582 5468
6616 3610
6643 2642
6644 688
6649 9049
6655 8332
6682 5412
6690 3985
6692 621
6718 1883
6743 1673
6784 3832
6803 2232
6829 4288
6843 7519
6861 7820
6865 6924
6920 9815
6930 3179
6933 4547
6940 9270
6962 6193
6963 1585
6976 270
6982 8627
7001 9992
7002 7110
7007 5514
7044 6410
7062 8423
7077 9033
7081 583
7127 7016
7131 1493
7155 295
7184 6357
7204 4561
7216 2822
7247 6723
7247 9763
7313 1078
7336 760
7342 3603
7352 354
7357 9051
7380 9448
7403 990
7425 6139
7427 2115
7454 3046
7462 5426
7474 8133
7483 8293
7492 5476
7533 9093
7546 3354
7557 6019
7557 7036
7559 8614
7570 5072
7576 6317
7582 8644
7587 4908
7624 1508
7624 6175
7643 3319
7653 3613
7663 4631
7683 726
7708 6021
7716 8958
7755 1058
7804 811
7820 8579
7827 3989
7829 4313
7832 1550
7845 4442
7870 6865
7929 4358
7973 5686
7975 2018
7988 150
8017 4892
8028 4103
8028 8045
8042 467
8058 8160
8084 1997
8149 1838
8178 1476
8183 883
8230 886
8237 4178
8279 9770
8310 3122
8324 5308
8375 9369
8395 9085
8417 311
8423 6719
8425 9245
8435 5741
8435 7852
8466 5869
8508 6632
8528 4949
8573 9384
8574 5542
8575 6288
8590 2000
8594 506
8610 1507
8624 9848
8664 8309
8666 2631
8686 956
8725 5841
8763 9282
8765 922
8810 9207
8820 371
8828 5605
8829 956
8843 1191
8846 1635
8895 1136
8937 4082
8963 3638
8996 3760
9028 1997
9050 2828
9081 5856
9149 9015
9164 381
9180 9015
9217 6268
9260 6096
9274 3010
9348 6659
9350 2629
9350 9263
9370 1847
9370 8199
9382 9722
9557 5046
9560 3112
9572 4676
9607 8431
9611 415
9612 2143
9617 2676
9628 1772
9629 7051
9636 3055
9646 1416
9648 9521
9666 1972
9670 8869
9695 2453
9772 1213
9786 5590
9789 161
9843 6993
9875 2699
9888 1413
9913 4728
9936 6475
9982 1540
9989 2331
