27 329
69 877
83 8223
92 1849
138 3546
139 5820
162 2923
170 2901
234 7431
236 4797
249 1086
270 9710
282 7622
285 3687
329 2958
343 2394
343 7226
355 9431
357 1776
374 7920
381 2647
400 7074
409 8781
410 9354
428 9082
443 5091
476 1898
488 2916
554 2895
569 2997
610 3303
644 6441
658 9176
665 1094
667 9350
705 4326
735 794
764 7726
856 5729
957 2424
963 4697
969 4334
1019 5857
1083 5415
1166 3878
1190 2858
1255 8978
1295 7075
1314 586
1314 5591
1332 6969
1365 4722
1397 6937
1418 5420
1421 322
1438 7664
1476 2010
1478 7704
1503 2820
1538 2776
1563 3964
1563 5373
1565 6145
1577 1668
1587 1878
1660 4210
1664 2399
1698 2484
1714 4894
1742 1795
1779 2748
1792 356
1813 3698
1854 6550
1874 7125
1879 4508
1879 6709
1898 6992
1943 1
1944 6752
1969 2555
1971 4607
1976 6153
1985 191
1985 5103
1991 3424
2028 5881
2036 9261
2065 9601
2099 1179
2101 6238
2117 7003
2126 2609
2161 291
2175 7701
2194 7876
2198 8114
2202 484
2204 867
2218 8377
2239 1666
2258 7440
2275 1840
2283 5450
2294 3045
2298 9384
2301 3193
2341 1712
2350 6520
2350 6994
2424 9516
2465 7127
2472 2066
2539 4933
2577 1663
2578 9324
2630 8242
2635 6550
2639 6785
2661 8987
2667 7286
2685 7337
2699 4680
2702 1713
2747 3861
2869 1904
2900 3822
2937 5129
2952 9247
2972 8838
2992 8104
2992 8564
3017 9078
3026 4759
3046 3471
3046 5467
3062 9588
3123 44
3125 9515
3137 4134
3163 1902
3236 9683
3260 2070
3338 3629
3354 5253
3358 7493
3377 4488
3416 927
3440 3040
3444 9676
3510 576
3532 8285
3623 7729
3631 7899
3679 3746
3695 7483
3717 8058
3723 572
3749 3130
3754 771
3784 7968
3849 2060
3853 8893
3871 3461
3926 4064
3955 2512
3961 9935
3977 1112
4004 8895
4011 3311
4028 5024
4034 5405
4065 3402
4087 1284
4117 9576
4124 2292
4138 7185
4152 3575
4156 6017
4157 8666
4250 7662
4250 9306
4266 1745
4311 1723
4329 2399
4334 4501
4343 8898
4384 6314
4390 3512
4398 6973
4427 9523
4427 9974
4470 2242
4645 2990
4731 9052
4733 2451
4757 9811
4769 1751
4783 2884
4808 4443
4831 7486
4948 1585
4949 380
4956 2571
4962 2066
4968 760
4969 9000
4985 9085
4994 3057
5018 586
5021 8583
5024 6956
5038 770
5049 7875
5089 9380
5107 3120
5118 3680
5134 1838
5137 1926
5169 4034
5215 5476
5219 9064
5231 8475
5276 7454
5289 132
5298 9710
5304 8960
5358 4094
5364 1308
5379 8190
5382 591
5384 1940
5419 8665
5433 1267
5433 8838
5460 4124
5466 890
5486 5709
5510 1121
5524 6548
5574 8338
5594 2454
5607 785
5608 9465
5614 2981
5628 4846
5632 2599
5652 4467
5675 8109
5686 4223
5686 5729
5691 110
5709 1456
5724 3656
5731 6419
5742 2747
5754 5627
5762 6327
5775 2240
5782 5050
5811 2851
5841 8324
5903 6237
5911 1334
5913 6017
5918 3447
5924 7818
5927 212
5952 7967
6035 9782
6042 523
6086 1514
6115 3211
6125 6248
6127 4576
6146 3495
6203 6317
6208 4846
6240 7979
6248 6166
6276 311
6289 5756
6290 3700
6304 9666
6315 8715
6357 2934
6405 7188
6406 9386
6432 2582
6438 7258
6458 5630
6470 6866
6472 127
6491 4620
6504 7627
6517 9159
6529 6838
6569 6025
6603 2273
6606 7590
6644 434
6658 8622
6673 6618
6682 7237
6726 3653
6733 7532
6749 298
6807 4344
6826 4
6826 4408
6848 3817
6853 9443
6860 6529
6885 1541
6915 8345
6918 505
6927 272
6930 6424
6937 8011
6982 517
7007 742
7013 6466
7019 2136
7044 3085
7044 5777
7046 6599
7059 7021
7071 2779
7085 3859
7110 7662
7112 6320
7126 6106
7140 2154
7145 2697
7158 9063
7164 5777
7165 4339
7170 7013
7207 3311
7212 7765
7239 4993
7258 8004
7330 9253
7369 8692
7415 7372
7434 2661
7443 8450
7448 9684
7459 3185
7570 1462
7582 5223
7590 1235
7594 7731
7605 9257
7612 5364
7617 8217
7624 2101
7637 4835
7653 714
7662 3396
7681 3100
7689 7440
7721 5577
7731 4646
7736 8049
7768 2178
7784 8594
7792 4962
7803 3373
7814 7282
7818 9576
7840 3475
7842 7591
7848 9014
7857 6381
7860 5269
7862 3002
7875 1336
7880 4785
7882 671
7886 4568
7953 3550
7979 6271
7984 1541
7990 2695
8013 3695
8026 9933
8061 1504
8067 264
8084 823
8090 5028
8117 6983
8122 8566
8128 3608
8170 2655
8182 5806
8197 9296
8218 3282
8248 55
8250 8936
8250 9275
8259 967
8274 1152
8310 1276
8338 8201
8351 1084
8378 4266
8388 9431
8413 8308
8433 6449
8435 8217
8439 5281
8442 1931
8443 2827
8450 935
8464 5063
8466 8402
8472 8566
8508 57
8510 7143
8514 2419
8530 7806
8556 2207
8566 5469
8573 6145
8604 9161
8610 6248
8622 5474
8654 7691
8659 1204
8682 2549
8696 531
8723 6890
8738 8304
8786 490
8808 4014
8842 2340
8869 3401
8872 3699
8882 8798
8915 5635
8961 4130
8963 8237
9021 7226
9053 5880
9056 5612
9062 8989
9081 6847
9106 3798
9112 8549
9159 882
9166 768
9195 1480
9234 9790
9256 3621
9289 3552
9319 5600
9366 8618
9370 5246
9384 310
9386 1840
9395 3387
9396 1435
9398 5706
9407 1521
9424 167
9431 3523
9440 5040
9454 2021
9479 7715
9495 8960
9503 3380
9533 1827
9552 8355
9576 1774
9580 4175
9601 5915
9610 7018
9624 5288
9639 2625
9662 311
9726 5225
9733 8711
9733 8879
9762 9826
9766 5070
9789 9121
9794 8376
9802 1810
9839 3627
9848 1779
9851 7564
9855 2588
9888 7736
9916 7170
9949 1773
9949 2586
9971 4900
9981 81
9981 6520
